0.0		0.0		0.0		0.0		0.0		0.0		0.0		0.0		0.0		0.0		0.0		0.029023509472608566		0.020114675164222717		0.010954608209431171		0.01863352209329605		0.0		0.0		0.0		0.04615991935133934		
0.0		0.0		0.0		0.0		0.0		0.0		0.0		0.0		0.0		0.0		0.0		0.048497192561626434		0.033203963190317154		0.01979508250951767		0.020840860903263092		0.0		0.0		0.0		0.09251298010349274		
0.0		0.0		0.0		0.0		0.0		0.0		0.0		0.0		0.0		0.0		0.0		0.05673057958483696		0.049982134252786636		0.025661103427410126		0.02056015282869339		0.0		0.0		0.0		0.13886603713035583		
0.0		0.0		0.0		0.0		0.0		0.0		0.0		0.0		0.0		0.0		0.0		0.07296475023031235		0.06308281421661377		0.028990348801016808		0.020511655136942863		0.0		0.0		0.0		0.18521909415721893		
0.0		0.0		0.0		0.0		0.0		0.0		0.0		0.0		0.0		0.0		0.0		0.08784303814172745		0.07623913884162903		0.03086959198117256		0.020504625514149666		0.0		0.0		0.0		0.23157215118408203		
0.0		0.0		0.0		0.0		0.0		0.0		0.0		0.0		0.0		0.0		0.0		0.09833918511867523		0.09049464017152786		0.03192346543073654		0.020503582432866096		0.0		0.0		0.0		0.27792519330978394		
0.0		0.0		0.0		0.0		0.0		0.0		0.0		0.0		0.0		0.0		0.0		0.11395962536334991		0.10219550877809525		0.03252445161342621		0.020503424108028412		0.0		0.0		0.0		0.3242782652378082		
0.0		0.0		0.0		0.0		0.0		0.0		0.0		0.0		0.0		0.0		0.0		0.12403348088264465		0.11378011852502823		0.035073231905698776		0.02050340175628662		0.0		0.0		0.0		0.3706313371658325		
0.0		0.0		0.0		0.0		0.0		0.0		0.0		0.0		0.0		0.0		0.0		0.12959177792072296		0.1207580640912056		0.04498622938990593		0.020503398030996323		0.0		0.0		0.0		0.4169843792915344		
0.0		0.0		0.0		0.0		0.0		0.0		0.0		0.0		0.0		0.0		0.0		0.13618387281894684		0.12348417192697525		0.05863199755549431		0.020503396168351173		0.0		0.0		0.0		0.4633374512195587		
0.0		0.0		0.0		0.0		0.0		0.0		0.0		0.0		0.0		0.0		0.0		0.13793103396892548		0.132082000374794		0.06655412167310715		0.020503396168351173		0.0		0.0		0.0		0.509690523147583		
0.0		0.0		0.0		0.0		0.0		0.0		0.0		0.0		0.0		0.0		0.0		0.1531921774148941		0.14034807682037354		0.06862393021583557		0.020503396168351173		0.0		0.0		0.0		0.5560435652732849		
0.0		0.0		0.0		0.0		0.0		0.0		0.0		0.0		0.0		0.0		0.0		0.16004310548305511		0.14914563298225403		0.07326521724462509		0.020503396168351173		0.0		0.0		0.0		0.6023966073989868		
0.0		0.0		0.0		0.0		0.0		0.0		0.0		0.0		0.0		0.0		0.0		0.16077040135860443		0.15399472415447235		0.08461292833089828		0.020503396168351173		0.0		0.0		0.0		0.6487496495246887		
0.0		0.0		0.0		0.0		0.0		0.0		0.0		0.0		0.0		0.0		0.0		0.16970449686050415		0.15748217701911926		0.09367028623819351		0.020503396168351173		0.0		0.0		0.0		0.6951027512550354		
0.0		0.0		0.0		0.0		0.0		0.0		0.0		0.0		0.0		0.0		0.0		0.17821183800697327		0.1673690229654312		0.09546750783920288		0.020503396168351173		0.0		0.0		0.0		0.7414557933807373		
0.0		0.0		0.0		0.0		0.0		0.0		0.0		0.0		0.0		0.0		0.0		0.18308565020561218		0.17589689791202545		0.09997888654470444		0.020503396168351173		0.0		0.0		0.0		0.7878088355064392		
0.0		0.0		0.0		0.0		0.0		0.0		0.0		0.0		0.0		0.0		0.0		0.18853941559791565		0.17791742086410522		0.11119990050792694		0.020503396168351173		0.0		0.0		0.0		0.8341618776321411		
0.0		0.0		0.0		0.0		0.0		0.0		0.0		0.0		0.0		0.0		0.0		0.19575443863868713		0.1833239048719406		0.11774615943431854		0.020503396168351173		0.0		0.0		0.0		0.8805149793624878		
0.0		0.0		0.0		0.0		0.0		0.0		0.0		0.0		0.0		0.0		0.0		0.20262961089611053		0.19369849562644958		0.11884132772684097		0.020503396168351173		0.0		0.0		0.0		0.9268680214881897		
0.0		0.0		0.0		0.0		0.0		0.0		0.0		0.0		0.0		0.0		0.0		0.20634004473686218		0.19889163970947266		0.1265968382358551		0.020503396168351173		0.0		0.0		0.0		0.9732210636138916		
0.0		0.0		0.0		0.0		0.0		0.0		0.0		0.0		0.0		0.0		0.0		0.2117767333984375		0.2012888491153717		0.1364823877811432		0.020503396168351173		0.0		0.0		0.0		1.0195741653442383		
0.0		0.0		0.0		0.0		0.0		0.0		0.0		0.0		0.0		0.0		0.0		0.22221589088439941		0.20920363068580627		0.1384422481060028		0.020503396168351173		0.0		0.0		0.0		1.0659271478652954		
0.0		0.0		0.0		0.0		0.0		0.0		0.0		0.0		0.0		0.0		0.0		0.22719517350196838		0.21654236316680908		0.1429271399974823		0.020503396168351173		0.0		0.0		0.0		1.112280249595642		
0.0		0.0		0.0		0.0		0.0		0.0		0.0		0.0		0.0		0.0		0.0		0.22698023915290833		0.21994394063949585		0.15331415832042694		0.020680561661720276		0.0		0.0		0.0		1.1586333513259888		
0.0		0.0		0.0		0.0		0.0		0.0		0.0		0.0		0.0		0.0		0.0		0.23480837047100067		0.22664697468280792		0.15513300895690918		0.028523286804556847		0.0		0.0		0.0		1.204986333847046		
0.0		0.0		0.0		0.0		0.0		0.0		0.0		0.0		0.0		0.0		0.0		0.24316856265068054		0.23218652606010437		0.16052481532096863		0.026182591915130615		0.0		0.0		0.0		1.2513394355773926		
0.0		0.0		0.0		0.0		0.0		0.0		0.0		0.0		0.0		0.0		0.0		0.24760568141937256		0.23502793908119202		0.16618986427783966		0.038228295743465424		0.0		0.0		0.0		1.2976924180984497		
0.0		0.0		0.0		0.0		0.0		0.0		0.0		0.0		0.0		0.0		0.0		0.2509940266609192		0.23942480981349945		0.17266437411308289		0.042080823332071304		0.0		0.0		0.0		1.3440455198287964		
0.0		0.0		0.0		0.0		0.0		0.0		0.0		0.0		0.0		0.0		0.0		0.257393479347229		0.2473909854888916		0.1746147871017456		0.044710543006658554		0.0		0.0		0.0		1.390398621559143		
0.0		0.0		0.0		0.0		0.0		0.0		0.0		0.0		0.0		0.0		0.0		0.2597977817058563		0.2518802285194397		0.18095748126506805		0.049181293696165085		0.0		0.0		0.0		1.4367516040802002		
0.0		0.0		0.0		0.0		0.0		0.0		0.0		0.0		0.0		0.0		0.0		0.26260891556739807		0.25524047017097473		0.18643784523010254		0.059595175087451935		0.0		0.0		0.0		1.4831047058105469		
0.0		0.0		0.0		0.0		0.0		0.0		0.0		0.0		0.0		0.0		0.0		0.27002382278442383		0.26150012016296387		0.1908855140209198		0.05763548985123634		0.0		0.0		0.0		1.5294578075408936		
0.0		0.0		0.0		0.0		0.0		0.0		0.0		0.0		0.0		0.0		0.0		0.27706271409988403		0.2665334939956665		0.19354495406150818		0.06608687341213226		0.0		0.0		0.0		1.5758107900619507		
0.0		0.0		0.0		0.0		0.0		0.0		0.0		0.0		0.0		0.0		0.0		0.27928560972213745		0.2682611346244812		0.20269927382469177		0.06934379786252975		0.0		0.0		0.0		1.6221638917922974		
0.0		0.0		0.0		0.0		0.0		0.0		0.0		0.0		0.0		0.0		0.0		0.2872137427330017		0.274678498506546		0.20337387919425964		0.07805421203374863		0.0		0.0		0.0		1.668516993522644		
0.0		0.0		0.0		0.0		0.0		0.0		0.0		0.0		0.0		0.0		0.0		0.2921251058578491		0.2798851430416107		0.21018286049365997		0.07401765137910843		0.0		0.0		0.0		1.7148699760437012		
0.0		0.0		0.0		0.0		0.0		0.0		0.0		0.0		0.0		0.0		0.0		0.2946411073207855		0.2828539311885834		0.21408995985984802		0.088986337184906		0.0		0.0		0.0		1.7612230777740479		
0.0		0.0		0.0		0.0		0.0		0.0		0.0		0.0		0.0		0.0		0.0		0.2994028925895691		0.2884725034236908		0.21968746185302734		0.0873941034078598		0.0		0.0		0.0		1.807576060295105		
0.0		0.0		0.0		0.0		0.0		0.0		0.0		0.0		0.0		0.0		0.0		0.30516761541366577		0.2945905029773712		0.2226715087890625		0.09126070886850357		0.0		0.0		0.0		1.8539291620254517		
0.0		0.0		0.0		0.0		0.0		0.0		0.0		0.0		0.0		0.0		0.0		0.3069601356983185		0.29725030064582825		0.22812797129154205		0.1021774560213089		0.0		0.0		0.0		1.9002822637557983		
0.0		0.0		0.0		0.0		0.0		0.0		0.0		0.0		0.0		0.0		0.0		0.31174102425575256		0.3027164340019226		0.23420417308807373		0.09916309267282486		0.0		0.0		0.0		1.9466352462768555		
0.0		0.0		0.0		0.0		0.0		0.0		0.0		0.0		0.0		0.0		0.0		0.318306565284729		0.30880632996559143		0.23498421907424927		0.10863761603832245		0.0		0.0		0.0		1.9929883480072021		
0.0		0.0		0.0		0.0		0.0		0.0		0.0		0.0		0.0		0.0		0.0		0.3193969130516052		0.31086844205856323		0.2432740032672882		0.1127367615699768		0.0		0.0		0.0		2.039341449737549		
0.0		0.0		0.0		0.0		0.0		0.0		0.0		0.0		0.0		0.0		0.0		0.32564207911491394		0.3169333338737488		0.24679476022720337		0.11394326388835907		0.0		0.0		0.0		2.0856945514678955		
0.0		0.0		0.0		0.0		0.0		0.0		0.0		0.0		0.0		0.0		0.0		0.33143243193626404		0.3221702575683594		0.24864694476127625		0.12303119152784348		0.0		0.0		0.0		2.132047414779663		
0.0		0.0		0.0		0.0		0.0		0.0		0.0		0.0		0.0		0.0		0.0		0.33264046907424927		0.3242139518260956		0.2575247287750244		0.12483639270067215		0.0		0.0		0.0		2.1784005165100098		
0.0		0.0		0.0		0.0		0.0		0.0		0.0		0.0		0.0		0.0		0.0		0.3400767743587494		0.33090004324913025		0.2593221664428711		0.12795843183994293		0.0		0.0		0.0		2.2247536182403564		
0.0		0.0		0.0		0.0		0.0		0.0		0.0		0.0		0.0		0.0		0.0		0.3444209694862366		0.3349039554595947		0.2627160847187042		0.13707783818244934		0.0		0.0		0.0		2.271106719970703		
0.0		0.0		0.0		0.0		0.0		0.0		0.0		0.0		0.0		0.0		0.0		0.3467150330543518		0.3376622200012207		0.27081671357154846		0.13772433996200562		0.0		0.0		0.0		2.31745982170105		
0.0		0.0		0.0		0.0		0.0		0.0		0.0		0.0		0.0		0.0		0.0		0.3545021414756775		0.34439289569854736		0.2724788188934326		0.1405898630619049		0.0		0.0		0.0		2.3638126850128174		
0.0		0.0		0.0		0.0		0.0		0.0		0.0		0.0		0.0		0.0		0.0		0.3576594293117523		0.3470950126647949		0.2767024338245392		0.15176823735237122		0.0		0.0		0.0		2.410165786743164		
0.0		0.0		0.0		0.0		0.0		0.0		0.0		0.0		0.0		0.0		0.0		0.3620281517505646		0.351393461227417		0.28310930728912354		0.15080919861793518		0.0		0.0		0.0		2.4565188884735107		
0.0		0.0		0.0		0.0		0.0		0.0		0.0		0.0		0.0		0.0		0.0		0.36833953857421875		0.35703155398368835		0.2865998446941376		0.15269611775875092		0.0		0.0		0.0		2.5028719902038574		
0.0		0.0		0.0		0.0		0.0		0.0		0.0		0.0		0.0		0.0		0.0		0.3709292411804199		0.35944023728370667		0.2906145453453064		0.16549955308437347		0.0		0.0		0.0		2.549225091934204		
0.0		0.0		0.0		0.0		0.0		0.0		0.0		0.0		0.0		0.0		0.0		0.37724798917770386		0.3657223582267761		0.2943001389503479		0.16497059166431427		0.0		0.0		0.0		2.595578193664551		
0.0		0.0		0.0		0.0		0.0		0.0		0.0		0.0		0.0		0.0		0.0		0.3797566294670105		0.369316428899765		0.30112192034721375		0.1663549840450287		0.0		0.0		0.0		2.6419310569763184		
0.0		0.0		0.0		0.0		0.0		0.0		0.0		0.0		0.0		0.0		0.0		0.38311558961868286		0.37325751781463623		0.3046911954879761		0.17525982856750488		0.0		0.0		0.0		2.688284158706665		
0.0		0.0		0.0		0.0		0.0		0.0		0.0		0.0		0.0		0.0		0.0		0.3897692561149597		0.38005945086479187		0.30596140027046204		0.179864764213562		0.0		0.0		0.0		2.7346372604370117		
0.0		0.0		0.0		0.0		0.0		0.0		0.0		0.0		0.0		0.0		0.0		0.39050057530403137		0.3820457458496094		0.3138801157474518		0.18398423492908478		0.0		0.0		0.0		2.7809903621673584		
0.0		0.0		0.0		0.0		0.0		0.0		0.0		0.0		0.0		0.0		0.0		0.39673420786857605		0.38793906569480896		0.31814315915107727		0.18331097066402435		0.0		0.0		0.0		2.8282763957977295		
0.0		0.0		0.0		0.0		0.0		0.0		0.0		0.0		0.0		0.0		0.0		0.40172693133354187		0.39183953404426575		0.32150840759277344		0.19163651764392853		0.0		0.0		0.0		2.8756332397460938		
0.0		0.0		0.0		0.0		0.0		0.0		0.0		0.0		0.0		0.0		0.0		0.4062170386314392		0.3953034579753876		0.3253503739833832		0.2001694142818451		0.0		0.0		0.0		2.9230716228485107		
0.0		0.0		0.0		0.0		0.0		0.0		0.0		0.0		0.0		0.0		0.0		0.4128747880458832		0.40139055252075195		0.3293035626411438		0.19955183565616608		0.0		0.0		0.0		2.9706623554229736		
0.0		0.0		0.0		0.0		0.0		0.0		0.0		0.0		0.0		0.0		0.0		0.41348886489868164		0.4034401774406433		0.33720651268959045		0.20387639105319977		0.0		0.0		0.0		3.0184688568115234		
0.0		0.0		0.0		0.0		0.0		0.0		0.0		0.0		0.0		0.0		0.0		0.5176094770431519		0.5306138396263123		0.5394444465637207		0.2954864501953125		0.0		0.0		0.0		2.6985392570495605		
0.0		0.0		0.0		0.0		0.0		0.0		0.0		0.0		0.0		0.0		0.0		0.6736489534378052		0.6937438249588013		0.6484273076057434		0.5064298510551453		0.0		0.06933346390724182		0.0		2.322326898574829		
0.0		0.0		0.0		0.0		0.0		0.0		0.0		0.0		0.0		0.0		0.0		0.7455090880393982		0.7459121942520142		0.6907596588134766		0.5488086938858032		0.0		0.14493116736412048		0.0		1.946487545967102		
0.0		0.0		0.0		0.0		0.0		0.0		0.0		0.0		0.0		0.0		0.0		0.7276313900947571		0.7197273969650269		0.6542311310768127		0.5343866944313049		0.0		0.12767070531845093		0.0		1.5710557699203491		
0.0		0.0		0.0		0.0		0.0		0.0		0.0		0.0		0.0		0.0		0.0		0.7325738668441772		0.7325049638748169		0.6810389757156372		0.5459532737731934		0.0		0.13174444437026978		0.0		1.1960698366165161		
0.0		0.0		0.0		0.0		0.0		0.0		0.0		0.0		0.0		0.0		0.0		0.7315914034843445		0.7180737853050232		0.6238569617271423		0.36865395307540894		0.0		0.1316697597503662		0.0		0.9073576331138611		
0.0		0.0		0.0		0.0		0.0		0.0		0.0		0.0		0.0		0.0		0.0		0.5832879543304443		0.5843900442123413		0.538321316242218		0.3442704379558563		0.0		0.0		0.0		0.9579801559448242		
0.0		0.0		0.0		0.0		0.0		0.0		0.0		0.0		0.0		0.0		0.0		0.6148247718811035		0.5960034132003784		0.5224655270576477		0.3695000410079956		0.0		0.012740664184093475		0.0		1.00912606716156		
0.0		0.0		0.0		0.0		0.0		0.0		0.0		0.0		0.0		0.0		0.0		0.58268141746521		0.5838833451271057		0.5261849164962769		0.4157784581184387		0.0		0.0		0.0		1.0608508586883545		
0.0		0.0		0.0		0.0		0.0		0.0		0.0		0.0		0.0		0.0		0.0		0.6281825304031372		0.6133376359939575		0.5032959580421448		0.4068313241004944		0.0		0.028534797951579094		0.0		1.1131839752197266		
0.0		0.0		0.0		0.0		0.0		0.0		0.0		0.0		0.0		0.0		0.0		0.606660008430481		0.5891027450561523		0.5214206576347351		0.44156819581985474		0.0		0.008474742993712425		0.0		1.1661536693572998		
0.0		0.0		0.0		0.0		0.0		0.0		0.0		0.0		0.0		0.0		0.0		0.620902419090271		0.6078760027885437		0.5188247561454773		0.41340357065200806		0.0		0.022166384384036064		0.0		1.219786524772644		
0.0		0.0		0.0		0.0		0.0		0.0		0.0		0.0		0.0		0.0		0.0		0.6134346127510071		0.6052457094192505		0.5369580388069153		0.40331995487213135		0.0		0.01378850918263197		0.0		1.2741076946258545		
0.0		0.0		0.0		0.0		0.0		0.0		0.0		0.0		0.0		0.0		0.0		0.6108536124229431		0.6005006432533264		0.5482293963432312		0.39392784237861633		0.0		0.012600417248904705		0.0		1.3291411399841309		
0.0		0.0		0.0		0.0		0.0		0.0		0.0		0.0		0.0		0.0		0.0		0.620534360408783		0.6118442416191101		0.547336757183075		0.38471755385398865		0.0		0.020304715260863304		0.0		1.3849093914031982		
0.0		0.0		0.0		0.0		0.0		0.0		0.0		0.0		0.0		0.0		0.0		0.6136539578437805		0.6071921586990356		0.5474358201026917		0.4038484990596771		0.0		0.013260106556117535		0.0		1.4414337873458862		
0.0		0.0		0.0		0.0		0.0		0.0		0.0		0.0		0.0		0.0		0.0		0.6231181621551514		0.6135149598121643		0.5373376607894897		0.4138367772102356		0.0		0.02273484878242016		0.0		1.4987345933914185		
0.0		0.0		0.0		0.0		0.0		0.0		0.0		0.0		0.0		0.0		0.0		0.6243080496788025		0.6135205030441284		0.5339890718460083		0.42612653970718384		0.0		0.023656170815229416		0.0		1.556830644607544		
0.0		0.0		0.0		0.0		0.0		0.0		0.0		0.0		0.0		0.0		0.0		0.6239671111106873		0.6121842861175537		0.5353894829750061		0.4248467981815338		0.0		0.02409973554313183		0.0		1.6157398223876953		
0.0		0.0		0.0		0.0		0.0		0.0		0.0		0.0		0.0		0.0		0.0		0.6235519647598267		0.6123527884483337		0.5409453511238098		0.4137095510959625		0.0		0.0239573922008276		0.0		1.6754789352416992		
0.0		0.0		0.0		0.0		0.0		0.0		0.0		0.0		0.0		0.0		0.0		0.6205624938011169		0.6106817126274109		0.547257125377655		0.4047670066356659		0.0		0.021101810038089752		0.0		1.7360635995864868		
0.0		0.0		0.0		0.0		0.0		0.0		0.0		0.0		0.0		0.0		0.0		0.620638370513916		0.6116195917129517		0.5483893156051636		0.40146902203559875		0.0		0.020882677286863327		0.0		1.7975084781646729		
0.0		0.0		0.0		0.0		0.0		0.0		0.0		0.0		0.0		0.0		0.0		0.621254026889801		0.6125279068946838		0.54550701379776		0.40723687410354614		0.0		0.0211015697568655		0.0		1.8598273992538452		
0.0		0.0		0.0		0.0		0.0		0.0		0.0		0.0		0.0		0.0		0.0		0.6229263544082642		0.6133848428726196		0.5408684015274048		0.41555896401405334		0.0		0.02259855717420578		0.0		1.9230328798294067		
0.0		0.0		0.0		0.0		0.0		0.0		0.0		0.0		0.0		0.0		0.0		0.6241979002952576		0.6136526465415955		0.5381388068199158		0.42057353258132935		0.0		0.023926174268126488		0.0		1.987136960029602		
0.0		0.0		0.0		0.0		0.0		0.0		0.0		0.0		0.0		0.0		0.0		0.6240600347518921		0.6131179332733154		0.5390371084213257		0.41927722096443176		0.0		0.024051906540989876		0.0		2.052150249481201		
0.0		0.0		0.0		0.0		0.0		0.0		0.0		0.0		0.0		0.0		0.0		0.6229127049446106		0.6122428178787231		0.5422301292419434		0.41381898522377014		0.0		0.02317711152136326		0.0		2.1180830001831055		
0.0		0.0		0.0		0.0		0.0		0.0		0.0		0.0		0.0		0.0		0.0		0.6219558119773865		0.611952543258667		0.5453628897666931		0.40797871351242065		0.0		0.022263726219534874		0.0		2.1849446296691895		
0.0		0.0		0.0		0.0		0.0		0.0		0.0		0.0		0.0		0.0		0.0		0.6214929223060608		0.6121291518211365		0.5461138486862183		0.4065919518470764		0.0		0.02162127010524273		0.0		2.2527432441711426		
0.0		0.0		0.0		0.0		0.0		0.0		0.0		0.0		0.0		0.0		0.0		0.6219033598899841		0.6126424074172974		0.5443025231361389		0.4099510610103607		0.0		0.02183091640472412		0.0		2.321486473083496		
0.0		0.0		0.0		0.0		0.0		0.0		0.0		0.0		0.0		0.0		0.0		0.6229830384254456		0.6132102012634277		0.5415266752243042		0.41477829217910767		0.0		0.02278650365769863		0.0		2.391181468963623		
0.0		0.0		0.0		0.0		0.0		0.0		0.0		0.0		0.0		0.0		0.0		0.6236038208007812		0.6132625341415405		0.5400823950767517		0.41747477650642395		0.0		0.023453155532479286		0.0		2.461834669113159		
0.0		0.0		0.0		0.0		0.0		0.0		0.0		0.0		0.0		0.0		0.0		0.6234611868858337		0.6128987669944763		0.5407739281654358		0.4162622392177582		0.0		0.023487303406000137		0.0		2.5334510803222656		
0.0		0.0		0.0		0.0		0.0		0.0		0.0		0.0		0.0		0.0		0.0		0.6228060126304626		0.612470805644989		0.5427857637405396		0.41265609860420227		0.0		0.022969549521803856		0.0		2.6060361862182617		
0.0		0.0		0.0		0.0		0.0		0.0		0.0		0.0		0.0		0.0		0.0		0.6221579313278198		0.6122556924819946		0.5444532632827759		0.40966156125068665		0.0		0.022334495559334755		0.0		2.679594039916992		
0.0		0.0		0.0		0.0		0.0		0.0		0.0		0.0		0.0		0.0		0.0		0.6220347881317139		0.612432599067688		0.5445868968963623		0.40932053327560425		0.0		0.022105662152171135		0.0		2.7541284561157227		
0.0		0.0		0.0		0.0		0.0		0.0		0.0		0.0		0.0		0.0		0.0		0.6223439574241638		0.61274254322052		0.5434811115264893		0.41133174300193787		0.0		0.02229386940598488		0.0		2.8296427726745605		
0.0		0.0		0.0		0.0		0.0		0.0		0.0		0.0		0.0		0.0		0.0		0.6229249238967896		0.6130146384239197		0.5418906211853027		0.41412514448165894		0.0		0.02282043918967247		0.0		2.906139612197876		
0.0		0.0		0.0		0.0		0.0		0.0		0.0		0.0		0.0		0.0		0.0		0.6232798099517822		0.6130766868591309		0.5411310791969299		0.41551828384399414		0.0		0.023195341229438782		0.0		2.983621120452881		
0.0		0.0		0.0		0.0		0.0		0.0		0.0		0.0		0.0		0.0		0.0		0.6367074251174927		0.6594076156616211		0.7859112620353699		0.5577788949012756		0.0		0.033741697669029236		0.0		2.8819148540496826		
0.0		0.0		0.0		0.0		0.0		0.0		0.0		0.0		0.0		0.0		0.0		0.7443622350692749		0.738852858543396		0.6703841090202332		0.541962206363678		0.0		0.14442388713359833		0.0		2.5368118286132812		
0.0		0.0		0.0		0.0		0.0		0.0		0.0		0.0		0.0		0.0		0.0		0.7260457277297974		0.7205860018730164		0.6608428955078125		0.5362375974655151		0.0		0.12604235112667084		0.0		2.1927037239074707		
0.0		0.0		0.0		0.0		0.0		0.0		0.0		0.0		0.0		0.0		0.0		0.7338424324989319		0.7325015664100647		0.6788052320480347		0.5469067096710205		0.0		0.1331832855939865		0.0		1.8495845794677734		
0.0		0.0		0.0		0.0		0.0		0.0		0.0		0.0		0.0		0.0		0.0		0.7315285801887512		0.7268731594085693		0.6671091914176941		0.5422694087028503		0.0		0.131523996591568		0.0		1.5074552297592163		
0.0		0.0		0.0		0.0		0.0		0.0		0.0		0.0		0.0		0.0		0.0		0.731930136680603		0.7293629050254822		0.6730700731277466		0.5414759516716003		0.0		0.1315111666917801		0.0		1.1663150787353516		
0.0		0.0		0.0		0.0		0.0		0.0		0.0		0.0		0.0		0.0		0.0		0.7309622764587402		0.7183845043182373		0.6247652173042297		0.3689796030521393		0.0		0.131033793091774		0.0		0.9132716655731201		
0.0		0.0		0.0		0.0		0.0		0.0		0.0		0.0		0.0		0.0		0.0		0.5846526026725769		0.5851443409919739		0.5389207601547241		0.34448328614234924		0.0		0.0		0.0		0.9987066388130188		
0.0		0.0		0.0		0.0		0.0		0.0		0.0		0.0		0.0		0.0		0.0		0.6152821183204651		0.596419095993042		0.5230688452720642		0.3710002303123474		0.0		0.012889306992292404		0.0		1.085084319114685		
0.0		0.0		0.0		0.0		0.0		0.0		0.0		0.0		0.0		0.0		0.0		0.5842974185943604		0.5848818421363831		0.5259280204772949		0.4170730710029602		0.0		0.0		0.0		1.1724482774734497		
0.0		0.0		0.0		0.0		0.0		0.0		0.0		0.0		0.0		0.0		0.0		0.6279963850975037		0.6135267615318298		0.5038822293281555		0.4088972210884094		0.0		0.028406232595443726		0.0		1.2607970237731934		
0.0		0.0		0.0		0.0		0.0		0.0		0.0		0.0		0.0		0.0		0.0		0.6079024076461792		0.5902191996574402		0.5217695236206055		0.44138890504837036		0.0		0.009219890460371971		0.0		1.350129246711731		
0.0		0.0		0.0		0.0		0.0		0.0		0.0		0.0		0.0		0.0		0.0		0.6210015416145325		0.6079199314117432		0.5202831029891968		0.41321367025375366		0.0		0.022236645221710205		0.0		1.4404431581497192		
0.0		0.0		0.0		0.0		0.0		0.0		0.0		0.0		0.0		0.0		0.0		0.6138214468955994		0.605700671672821		0.5382665991783142		0.4020981788635254		0.0		0.014203190803527832		0.0		1.531736969947815		
0.0		0.0		0.0		0.0		0.0		0.0		0.0		0.0		0.0		0.0		0.0		0.6111147403717041		0.6011122465133667		0.5491746664047241		0.3930942416191101		0.0		0.012740854173898697		0.0		1.6240087747573853		
0.0		0.0		0.0		0.0		0.0		0.0		0.0		0.0		0.0		0.0		0.0		0.6205224990844727		0.6118303537368774		0.5477148294448853		0.38562753796577454		0.0		0.02032218687236309		0.0		1.7172565460205078		
0.0		0.0		0.0		0.0		0.0		0.0		0.0		0.0		0.0		0.0		0.0		0.614246129989624		0.6075353026390076		0.5463153719902039		0.40458178520202637		0.0		0.0137978820130229		0.0		1.8044787645339966		
0.0		0.0		0.0		0.0		0.0		0.0		0.0		0.0		0.0		0.0		0.0		0.6227855682373047		0.6129238605499268		0.5358151793479919		0.41544309258461		0.0		0.022429322823882103		0.0		1.8921267986297607		
0.0		0.0		0.0		0.0		0.0		0.0		0.0		0.0		0.0		0.0		0.0		0.6238375306129456		0.6128513216972351		0.532899022102356		0.42551249265670776		0.0		0.023256100714206696		0.0		1.9807450771331787		
0.0		0.0		0.0		0.0		0.0		0.0		0.0		0.0		0.0		0.0		0.0		0.6229660511016846		0.6111974716186523		0.5348004698753357		0.4235742688179016		0.0		0.023146435618400574		0.0		2.0703325271606445		
0.0		0.0		0.0		0.0		0.0		0.0		0.0		0.0		0.0		0.0		0.0		0.6224683523178101		0.6113142967224121		0.5402875542640686		0.4121834933757782		0.0		0.022918231785297394		0.0		2.160888195037842		
0.0		0.0		0.0		0.0		0.0		0.0		0.0		0.0		0.0		0.0		0.0		0.6195377111434937		0.6097458004951477		0.5463690161705017		0.4034544825553894		0.0		0.02008162997663021		0.0		2.252410650253296		
0.0		0.0		0.0		0.0		0.0		0.0		0.0		0.0		0.0		0.0		0.0		0.6195513010025024		0.6105791330337524		0.547365128993988		0.4004713296890259		0.0		0.01979779824614525		0.0		2.3448991775512695		
0.0		0.0		0.0		0.0		0.0		0.0		0.0		0.0		0.0		0.0		0.0		0.6201585531234741		0.6113671064376831		0.5445566177368164		0.40621238946914673		0.0		0.020041942596435547		0.0		2.4383528232574463		
0.0		0.0		0.0		0.0		0.0		0.0		0.0		0.0		0.0		0.0		0.0		0.6219934821128845		0.6123911738395691		0.5397770404815674		0.4144902229309082		0.0		0.021705783903598785		0.0		2.5327706336975098		
0.0		0.0		0.0		0.0		0.0		0.0		0.0		0.0		0.0		0.0		0.0		0.6229082942008972		0.6124544739723206		0.537205159664154		0.41980692744255066		0.0		0.022686166688799858		0.0		2.628152370452881		
0.0		0.0		0.0		0.0		0.0		0.0		0.0		0.0		0.0		0.0		0.0		0.6230445504188538		0.6120540499687195		0.537900447845459		0.418242484331131		0.0		0.02311220020055771		0.0		2.7244973182678223		
0.0		0.0		0.0		0.0		0.0		0.0		0.0		0.0		0.0		0.0		0.0		0.621949315071106		0.6113103628158569		0.5411912798881531		0.4125198721885681		0.0		0.022244082763791084		0.0		2.821805477142334		
0.0		0.0		0.0		0.0		0.0		0.0		0.0		0.0		0.0		0.0		0.0		0.6207959651947021		0.6108532547950745		0.5442975759506226		0.4069563150405884		0.0		0.021138504147529602		0.0		2.920076608657837		
0.0		0.0		0.0		0.0		0.0		0.0		0.0		0.0		0.0		0.0		0.0		0.6203780770301819		0.6109530925750732		0.5451343655586243		0.405460000038147		0.0		0.020557262003421783		0.0		3.01931095123291		
0.0		0.0		0.0		0.0		0.0		0.0		0.0		0.0		0.0		0.0		0.0		0.7469580173492432		0.7480661869049072		0.7286481261253357		0.6295474171638489		0.0		0.1427740603685379		0.0		2.7256414890289307		
0.0		0.0		0.0		0.0		0.0		0.0		0.0		0.0		0.0		0.0		0.0		0.7318465709686279		0.7241888642311096		0.6555389761924744		0.5117392539978027		0.0		0.13188482820987701		0.0		2.402249574661255		
0.0		0.0		0.0		0.0		0.0		0.0		0.0		0.0		0.0		0.0		0.0		0.730099618434906		0.7275111675262451		0.673394501209259		0.5531882643699646		0.0		0.12967818975448608		0.0		2.079822540283203		
0.0		0.0		0.0		0.0		0.0		0.0		0.0		0.0		0.0		0.0		0.0		0.7328529953956604		0.7300859093666077		0.6729477047920227		0.5398002862930298		0.0		0.13256056606769562		0.0		1.7583621740341187		
0.0		0.0		0.0		0.0		0.0		0.0		0.0		0.0		0.0		0.0		0.0		0.7313677072525024		0.72727370262146		0.6687204837799072		0.5428916215896606		0.0		0.13122040033340454		0.0		1.437869906425476		
0.0		0.0		0.0		0.0		0.0		0.0		0.0		0.0		0.0		0.0		0.0		0.7316849827766418		0.7288492321968079		0.6721754670143127		0.5424511432647705		0.0		0.131377711892128		0.0		1.1183475255966187		
0.0		0.0		0.0		0.0		0.0		0.0		0.0		0.0		0.0		0.0		0.0		0.7267014980316162		0.7002972364425659		0.5749485492706299		0.3576206564903259		0.0		0.1269550621509552		0.0		0.9313201904296875		
0.0		0.0		0.0		0.0		0.0		0.0		0.0		0.0		0.0		0.0		0.0		0.5751996636390686		0.5816515684127808		0.5280944108963013		0.38345739245414734		0.0		0.0		0.0		1.0383356809616089		
0.0		0.0		0.0		0.0		0.0		0.0		0.0		0.0		0.0		0.0		0.0		0.6280931830406189		0.6031211018562317		0.5039488077163696		0.3910919725894928		0.0		0.025108255445957184		0.0		1.1462923288345337		
0.0		0.0		0.0		0.0		0.0		0.0		0.0		0.0		0.0		0.0		0.0		0.5898976922035217		0.580915093421936		0.5158367156982422		0.4419170618057251		0.0		0.0		0.0		1.255229115486145		
0.0		0.0		0.0		0.0		0.0		0.0		0.0		0.0		0.0		0.0		0.0		0.6217494606971741		0.6136555671691895		0.49900296330451965		0.41402262449264526		0.0		0.02362232841551304		0.0		1.3651494979858398		
0.0		0.0		0.0		0.0		0.0		0.0		0.0		0.0		0.0		0.0		0.0		0.6076477766036987		0.589732825756073		0.5240837335586548		0.4289875328540802		0.0		0.007882007397711277		0.0		1.4760574102401733		
0.0		0.0		0.0		0.0		0.0		0.0		0.0		0.0		0.0		0.0		0.0		0.6157997250556946		0.6012647151947021		0.5289295315742493		0.3984886705875397		0.0		0.017399782314896584		0.0		1.5879570245742798		
0.0		0.0		0.0		0.0		0.0		0.0		0.0		0.0		0.0		0.0		0.0		0.6112575531005859		0.6061935424804688		0.5425793528556824		0.383046418428421		0.0		0.011253619566559792		0.0		1.7008531093597412		
0.0		0.0		0.0		0.0		0.0		0.0		0.0		0.0		0.0		0.0		0.0		0.605178713798523		0.5983944535255432		0.5515865087509155		0.38766124844551086		0.0		0.006605053320527077		0.0		1.8147506713867188		
0.0		0.0		0.0		0.0		0.0		0.0		0.0		0.0		0.0		0.0		0.0		0.6206875443458557		0.6113944053649902		0.5430983304977417		0.3869769275188446		0.0		0.02028830721974373		0.0		1.9296553134918213		
0.0		0.0		0.0		0.0		0.0		0.0		0.0		0.0		0.0		0.0		0.0		0.6149383783340454		0.6072781085968018		0.5401456356048584		0.41288915276527405		0.0		0.014269247651100159		0.0		2.0455729961395264		
0.0		0.0		0.0		0.0		0.0		0.0		0.0		0.0		0.0		0.0		0.0		0.6231215000152588		0.6122900247573853		0.5309293866157532		0.42265835404396057		0.0		0.02284994348883629		0.0		2.1625101566314697		
0.0		0.0		0.0		0.0		0.0		0.0		0.0		0.0		0.0		0.0		0.0		0.6241263747215271		0.6123989820480347		0.5314967632293701		0.4263150691986084		0.0		0.02376648224890232		0.0		2.2804737091064453		
0.0		0.0		0.0		0.0		0.0		0.0		0.0		0.0		0.0		0.0		0.0		0.6214030981063843		0.60966557264328		0.537542462348938		0.4185332953929901		0.0		0.02197427861392498		0.0		2.3994710445404053		
0.0		0.0		0.0		0.0		0.0		0.0		0.0		0.0		0.0		0.0		0.0		0.6211692690849304		0.6106629371643066		0.5439343452453613		0.40459033846855164		0.0		0.0217354204505682		0.0		2.519510269165039		
0.0		0.0		0.0		0.0		0.0		0.0		0.0		0.0		0.0		0.0		0.0		0.6183150410652161		0.609390914440155		0.5485438704490662		0.3995373547077179		0.0		0.018716922029852867		0.0		2.6405999660491943		
0.0		0.0		0.0		0.0		0.0		0.0		0.0		0.0		0.0		0.0		0.0		0.6196151375770569		0.6109709143638611		0.546472430229187		0.4015870690345764		0.0		0.019673850387334824		0.0		2.762748956680298		
0.0		0.0		0.0		0.0		0.0		0.0		0.0		0.0		0.0		0.0		0.0		0.62107253074646		0.6120805740356445		0.541833221912384		0.41066572070121765		0.0		0.020758576691150665		0.0		2.8859670162200928		
0.0		0.0		0.0		0.0		0.0		0.0		0.0		0.0		0.0		0.0		0.0		0.6226039528846741		0.6124678254127502		0.5374858975410461		0.41890817880630493		0.0		0.02230680361390114		0.0		3.0102643966674805		
0.0		0.0		0.0		0.0		0.0		0.0		0.0		0.0		0.0		0.0		0.0		0.7397257685661316		0.7758153676986694		0.7453336119651794		0.6353546977043152		0.0		0.13251248002052307		0.0		2.7687368392944336		
0.0		0.0		0.0		0.0		0.0		0.0		0.0		0.0		0.0		0.0		0.0		0.7332985997200012		0.7257742285728455		0.6548871397972107		0.5157809257507324		0.0		0.1333417296409607		0.0		2.470679521560669		
0.0		0.0		0.0		0.0		0.0		0.0		0.0		0.0		0.0		0.0		0.0		0.729816734790802		0.7277520895004272		0.6738520860671997		0.5478277206420898		0.0		0.12921661138534546		0.0		2.173736333847046		
0.0		0.0		0.0		0.0		0.0		0.0		0.0		0.0		0.0		0.0		0.0		0.7327242493629456		0.7294836044311523		0.6722745895385742		0.5433159470558167		0.0		0.1325586438179016		0.0		1.8779205083847046		
0.0		0.0		0.0		0.0		0.0		0.0		0.0		0.0		0.0		0.0		0.0		0.7315469980239868		0.7279201745986938		0.6696528792381287		0.5406430959701538		0.0		0.13129453361034393		0.0		1.583245873451233		
0.0		0.0		0.0		0.0		0.0		0.0		0.0		0.0		0.0		0.0		0.0		0.7315493226051331		0.7283012866973877		0.6712692379951477		0.5439105033874512		0.0		0.13132798671722412		0.0		1.2897262573242188		
0.0		0.0		0.0		0.0		0.0		0.0		0.0		0.0		0.0		0.0		0.0		0.7319432497024536		0.7285903096199036		0.6709725856781006		0.5415770411491394		0.0		0.13167686760425568		0.0		0.9973771572113037		
0.0		0.0		0.0		0.0		0.0		0.0		0.0		0.0		0.0		0.0		0.0		0.6888781189918518		0.6386428475379944		0.47043994069099426		0.4153316617012024		0.0		0.08975739777088165		0.0		0.9851585030555725		
0.0		0.0		0.0		0.0		0.0		0.0		0.0		0.0		0.0		0.0		0.0		0.5913472771644592		0.5673366189002991		0.5100618004798889		0.45559996366500854		0.0		0.0		0.0		1.1197482347488403		
0.0		0.0		0.0		0.0		0.0		0.0		0.0		0.0		0.0		0.0		0.0		0.620525598526001		0.6084383130073547		0.5023688673973083		0.3877093195915222		0.0		0.020751293748617172		0.0		1.2555396556854248		
0.0		0.0		0.0		0.0		0.0		0.0		0.0		0.0		0.0		0.0		0.0		0.5904803276062012		0.5851631760597229		0.5370259881019592		0.3929394781589508		0.0		0.0		0.0		1.3925684690475464		
0.0		0.0		0.0		0.0		0.0		0.0		0.0		0.0		0.0		0.0		0.0		0.6092701554298401		0.5924261808395386		0.5402513146400452		0.3676759898662567		0.0		0.012074684724211693		0.0		1.5308539867401123		
0.0		0.0		0.0		0.0		0.0		0.0		0.0		0.0		0.0		0.0		0.0		0.6070252060890198		0.6049132943153381		0.5435302257537842		0.3649854362010956		0.0		0.006214102730154991		0.0		1.6704163551330566		
0.0		0.0		0.0		0.0		0.0		0.0		0.0		0.0		0.0		0.0		0.0		0.5967655181884766		0.5944256782531738		0.5463730096817017		0.3919091820716858		0.0		0.0		0.0		1.8112767934799194		
0.0		0.0		0.0		0.0		0.0		0.0		0.0		0.0		0.0		0.0		0.0		0.6245548129081726		0.6125696301460266		0.5290091037750244		0.3982749283313751		0.0		0.023734809830784798		0.0		1.9534575939178467		
0.0		0.0		0.0		0.0		0.0		0.0		0.0		0.0		0.0		0.0		0.0		0.6154980659484863		0.6043410301208496		0.5297351479530334		0.4291720688343048		0.0		0.01506209746003151		0.0		2.096982002258301		
0.0		0.0		0.0		0.0		0.0		0.0		0.0		0.0		0.0		0.0		0.0		0.6230246424674988		0.6105892658233643		0.5253667831420898		0.4275795519351959		0.0		0.023278214037418365		0.0		2.2418746948242188		
0.0		0.0		0.0		0.0		0.0		0.0		0.0		0.0		0.0		0.0		0.0		0.6224716901779175		0.6109880805015564		0.5329497456550598		0.41953518986701965		0.0		0.022621195763349533		0.0		2.3881614208221436		
0.0		0.0		0.0		0.0		0.0		0.0		0.0		0.0		0.0		0.0		0.0		0.617581307888031		0.6065869927406311		0.5434838533401489		0.40742936730384827		0.0		0.018616706132888794		0.0		2.5358686447143555		
0.0		0.0		0.0		0.0		0.0		0.0		0.0		0.0		0.0		0.0		0.0		0.6197898387908936		0.6102827787399292		0.5478928089141846		0.3942390978336334		0.0		0.02029326930642128		0.0		2.685025215148926		
0.0		0.0		0.0		0.0		0.0		0.0		0.0		0.0		0.0		0.0		0.0		0.6166874170303345		0.6093239784240723		0.5490120649337769		0.3984367847442627		0.0		0.016610223799943924		0.0		2.8356547355651855		
0.0		0.0		0.0		0.0		0.0		0.0		0.0		0.0		0.0		0.0		0.0		0.6203777194023132		0.6116225719451904		0.5423411726951599		0.40721654891967773		0.0		0.020170755684375763		0.0		2.9840118885040283		
0.0		0.0		0.0		0.0		0.0		0.0		0.0		0.0		0.0		0.0		0.0		0.7240085005760193		0.7397795915603638		0.7107359170913696		0.6390039920806885		0.0		0.12448043376207352		0.0		2.8295207023620605		
0.0		0.0		0.0		0.0		0.0		0.0		0.0		0.0		0.0		0.0		0.0		0.7368311285972595		0.7250375151634216		0.6524218916893005		0.529007613658905		0.0		0.13695739209651947		0.0		2.5484330654144287		
0.0		0.0		0.0		0.0		0.0		0.0		0.0		0.0		0.0		0.0		0.0		0.7283354997634888		0.7280720472335815		0.674517810344696		0.5371395349502563		0.0		0.12732714414596558		0.0		2.2638144493103027		
0.0		0.0		0.0		0.0		0.0		0.0		0.0		0.0		0.0		0.0		0.0		0.7329980134963989		0.7287657856941223		0.6707450747489929		0.549710214138031		0.0		0.13296915590763092		0.0		1.9758201837539673		
0.0		0.0		0.0		0.0		0.0		0.0		0.0		0.0		0.0		0.0		0.0		0.7313231825828552		0.7283885478973389		0.6709574460983276		0.537263810634613		0.0		0.13098864257335663		0.0		1.6845978498458862		
0.0		0.0		0.0		0.0		0.0		0.0		0.0		0.0		0.0		0.0		0.0		0.7315827012062073		0.7277649641036987		0.6700235605239868		0.5454046130180359		0.0		0.13142791390419006		0.0		1.3902872800827026		
0.0		0.0		0.0		0.0		0.0		0.0		0.0		0.0		0.0		0.0		0.0		0.7317163348197937		0.7287387847900391		0.6715778708457947		0.5406928658485413		0.0		0.13140422105789185		0.0		1.0930202007293701		
0.0		0.0		0.0		0.0		0.0		0.0		0.0		0.0		0.0		0.0		0.0		0.7237877249717712		0.6963974833488464		0.5551134347915649		0.36425793170928955		0.0		0.12411676347255707		0.0		0.9412948489189148		
0.0		0.0		0.0		0.0		0.0		0.0		0.0		0.0		0.0		0.0		0.0		0.5761075019836426		0.5798250436782837		0.5221956372261047		0.40134838223457336		0.0		0.0		0.0		1.0631994009017944		
0.0		0.0		0.0		0.0		0.0		0.0		0.0		0.0		0.0		0.0		0.0		0.6279305815696716		0.6060325503349304		0.4981882870197296		0.39742815494537354		0.0		0.026304233819246292		0.0		1.1825892925262451		
0.0		0.0		0.0		0.0		0.0		0.0		0.0		0.0		0.0		0.0		0.0		0.5923829078674316		0.5792765617370605		0.5143669843673706		0.44543084502220154		0.0		0.0		0.0		1.2994756698608398		
0.0		0.0		0.0		0.0		0.0		0.0		0.0		0.0		0.0		0.0		0.0		0.6201589703559875		0.6121336817741394		0.5002337694168091		0.41095709800720215		0.0		0.02176661603152752		0.0		1.4139593839645386		
0.0		0.0		0.0		0.0		0.0		0.0		0.0		0.0		0.0		0.0		0.0		0.6055307388305664		0.589992880821228		0.5264703631401062		0.4203828275203705		0.0		0.006177918985486031		0.0		1.526136040687561		
0.0		0.0		0.0		0.0		0.0		0.0		0.0		0.0		0.0		0.0		0.0		0.6132404208183289		0.5988630056381226		0.5321918725967407		0.392334908246994		0.0		0.015004442073404789		0.0		1.6360965967178345		
0.0		0.0		0.0		0.0		0.0		0.0		0.0		0.0		0.0		0.0		0.0		0.6107277870178223		0.6059998869895935		0.5427874326705933		0.3785027265548706		0.0		0.010470034554600716		0.0		1.743927240371704		
0.0		0.0		0.0		0.0		0.0		0.0		0.0		0.0		0.0		0.0		0.0		0.6033548712730408		0.5974963307380676		0.5503684282302856		0.38836827874183655		0.0		0.004556997213512659		0.0		1.84971022605896		
0.0		0.0		0.0		0.0		0.0		0.0		0.0		0.0		0.0		0.0		0.0		0.6215996146202087		0.6111721992492676		0.5394501686096191		0.3899644613265991		0.0		0.021098965778946877		0.0		1.9535235166549683		
0.0		0.0		0.0		0.0		0.0		0.0		0.0		0.0		0.0		0.0		0.0		0.6149094104766846		0.6066257953643799		0.5370762944221497		0.4164822995662689		0.0		0.014279237017035484		0.0		2.055441379547119		
0.0		0.0		0.0		0.0		0.0		0.0		0.0		0.0		0.0		0.0		0.0		0.6224814653396606		0.6112729907035828		0.5293754935264587		0.42344585061073303		0.0		0.022396378219127655		0.0		2.1555347442626953		
0.0		0.0		0.0		0.0		0.0		0.0		0.0		0.0		0.0		0.0		0.0		0.6232706308364868		0.6115741729736328		0.5315418839454651		0.42377999424934387		0.0		0.02306852489709854		0.0		2.253871202468872		
0.0		0.0		0.0		0.0		0.0		0.0		0.0		0.0		0.0		0.0		0.0		0.6200306415557861		0.6085187196731567		0.5382785797119141		0.4155483841896057		0.0		0.020731275901198387		0.0		2.3505148887634277		
0.0		0.0		0.0		0.0		0.0		0.0		0.0		0.0		0.0		0.0		0.0		0.6204103827476501		0.6100622415542603		0.5440844893455505		0.40204286575317383		0.0		0.020977577194571495		0.0		2.4455270767211914		
0.0		0.0		0.0		0.0		0.0		0.0		0.0		0.0		0.0		0.0		0.0		0.6175335049629211		0.6088263392448425		0.547928512096405		0.3989413380622864		0.0		0.017807571217417717		0.0		2.538966655731201		
0.0		0.0		0.0		0.0		0.0		0.0		0.0		0.0		0.0		0.0		0.0		0.6192615628242493		0.6105644702911377		0.5450252294540405		0.4023538827896118		0.0		0.019262714311480522		0.0		2.630889415740967		
0.0		0.0		0.0		0.0		0.0		0.0		0.0		0.0		0.0		0.0		0.0		0.6208711862564087		0.6116428971290588		0.5402116775512695		0.41182664036750793		0.0		0.02054581418633461		0.0		2.721348762512207		
0.0		0.0		0.0		0.0		0.0		0.0		0.0		0.0		0.0		0.0		0.0		0.6222320199012756		0.6118621230125427		0.5364649891853333		0.41904592514038086		0.0		0.02199019491672516		0.0		2.8103959560394287		
0.0		0.0		0.0		0.0		0.0		0.0		0.0		0.0		0.0		0.0		0.0		0.6227992177009583		0.6117631793022156		0.5362561941146851		0.4192647933959961		0.0		0.02278386801481247		0.0		2.8980801105499268		
0.0		0.0		0.0		0.0		0.0		0.0		0.0		0.0		0.0		0.0		0.0		0.6216275691986084		0.6107828617095947		0.5394951701164246		0.41399267315864563		0.0		0.021923238411545753		0.0		2.984447479248047		
0.0		0.0		0.0		0.0		0.0		0.0		0.0		0.0		0.0		0.0		0.0		0.6605031490325928		0.7218979001045227		0.7852133512496948		0.5595933198928833		0.0		0.05270328000187874		0.0		2.8630778789520264		
0.0		0.0		0.0		0.0		0.0		0.0		0.0		0.0		0.0		0.0		0.0		0.7431800961494446		0.7363427877426147		0.6658236384391785		0.5427432656288147		0.0		0.14325401186943054		0.0		2.5222420692443848		
0.0		0.0		0.0		0.0		0.0		0.0		0.0		0.0		0.0		0.0		0.0		0.7258929014205933		0.7215878367424011		0.6634044051170349		0.5349857211112976		0.0		0.12586402893066406		0.0		2.180216073989868		
0.0		0.0		0.0		0.0		0.0		0.0		0.0		0.0		0.0		0.0		0.0		0.7335861921310425		0.7315084338188171		0.6766716241836548		0.547577977180481		0.0		0.1330576390028		0.0		1.8370448350906372		
0.0		0.0		0.0		0.0		0.0		0.0		0.0		0.0		0.0		0.0		0.0		0.7311277389526367		0.7269062995910645		0.6676927208900452		0.5410057306289673		0.0		0.13111089169979095		0.0		1.4927657842636108		
0.0		0.0		0.0		0.0		0.0		0.0		0.0		0.0		0.0		0.0		0.0		0.7317476868629456		0.728903591632843		0.6722244620323181		0.5417683720588684		0.0		0.1313726305961609		0.0		1.147415280342102		
0.0		0.0		0.0		0.0		0.0		0.0		0.0		0.0		0.0		0.0		0.0		0.7281589508056641		0.7052996754646301		0.5893566608428955		0.35782140493392944		0.0		0.12836524844169617		0.0		0.9196958541870117		
0.0		0.0		0.0		0.0		0.0		0.0		0.0		0.0		0.0		0.0		0.0		0.5766740441322327		0.5823606252670288		0.5316532254219055		0.37101221084594727		0.0		0.0		0.0		0.9969572424888611		
0.0		0.0		0.0		0.0		0.0		0.0		0.0		0.0		0.0		0.0		0.0		0.6249422430992126		0.6005350947380066		0.5089162588119507		0.3836635947227478		0.0		0.021242018789052963		0.0		1.0732851028442383		
0.0		0.0		0.0		0.0		0.0		0.0		0.0		0.0		0.0		0.0		0.0		0.5861126780509949		0.5809131860733032		0.5183801054954529		0.43382978439331055		0.0		0.0		0.0		1.1486705541610718		
0.0		0.0		0.0		0.0		0.0		0.0		0.0		0.0		0.0		0.0		0.0		0.6232856512069702		0.6128717064857483		0.4987698793411255		0.41083550453186035		0.0		0.02482476271688938		0.0		1.2231433391571045		
0.0		0.0		0.0		0.0		0.0		0.0		0.0		0.0		0.0		0.0		0.0		0.6064214110374451		0.5878616571426392		0.5216378569602966		0.4329111576080322		0.0		0.006340908817946911		0.0		1.2967323064804077		
0.0		0.0		0.0		0.0		0.0		0.0		0.0		0.0		0.0		0.0		0.0		0.6162849068641663		0.6026084423065186		0.5234610438346863		0.4023783206939697		0.0		0.01772448606789112		0.0		1.3694648742675781		
0.0		0.0		0.0		0.0		0.0		0.0		0.0		0.0		0.0		0.0		0.0		0.6099531054496765		0.6041826605796814		0.5389963388442993		0.389139860868454		0.0		0.010127351619303226		0.0		1.4413676261901855		
0.0		0.0		0.0		0.0		0.0		0.0		0.0		0.0		0.0		0.0		0.0		0.605653703212738		0.5973727107048035		0.5490163564682007		0.38816869258880615		0.0		0.007456752005964518		0.0		1.512466311454773		
0.0		0.0		0.0		0.0		0.0		0.0		0.0		0.0		0.0		0.0		0.0		0.6199327111244202		0.610621988773346		0.5430582761764526		0.3832959532737732		0.0		0.019425053149461746		0.0		1.5827854871749878		
0.0		0.0		0.0		0.0		0.0		0.0		0.0		0.0		0.0		0.0		0.0		0.6116690039634705		0.6051298975944519		0.5423761606216431		0.40766483545303345		0.0		0.01121720764786005		0.0		1.6523491144180298		
0.0		0.0		0.0		0.0		0.0		0.0		0.0		0.0		0.0		0.0		0.0		0.6221278309822083		0.61168372631073		0.5319804549217224		0.41686344146728516		0.0		0.021924572065472603		0.0		1.7211799621582031		
0.0		0.0		0.0		0.0		0.0		0.0		0.0		0.0		0.0		0.0		0.0		0.6228721141815186		0.6114792823791504		0.5311607718467712		0.42536044120788574		0.0		0.022371474653482437		0.0		1.789300560951233		
0.0		0.0		0.0		0.0		0.0		0.0		0.0		0.0		0.0		0.0		0.0		0.6213322281837463		0.6094856262207031		0.5347526669502258		0.4211844801902771		0.0		0.02176276594400406		0.0		1.8567321300506592		
0.0		0.0		0.0		0.0		0.0		0.0		0.0		0.0		0.0		0.0		0.0		0.6214586496353149		0.6105772256851196		0.5406578779220581		0.40834352374076843		0.0		0.0219610296189785		0.0		1.9234955310821533		
0.0		0.0		0.0		0.0		0.0		0.0		0.0		0.0		0.0		0.0		0.0		0.6180535554885864		0.6086384654045105		0.5466940402984619		0.4012843668460846		0.0		0.01855715923011303		0.0		1.9896107912063599		
0.0		0.0		0.0		0.0		0.0		0.0		0.0		0.0		0.0		0.0		0.0		0.6189848780632019		0.6101104617118835		0.5464844107627869		0.3996817171573639		0.0		0.01918773353099823		0.0		2.0550973415374756		
0.0		0.0		0.0		0.0		0.0		0.0		0.0		0.0		0.0		0.0		0.0		0.6198220252990723		0.6110332608222961		0.5430273413658142		0.40691760182380676		0.0		0.019612682983279228		0.0		2.119974136352539		
0.0		0.0		0.0		0.0		0.0		0.0		0.0		0.0		0.0		0.0		0.0		0.621497392654419		0.611714780330658		0.5383743047714233		0.4154343008995056		0.0		0.021236035972833633		0.0		2.1842591762542725		
0.0		0.0		0.0		0.0		0.0		0.0		0.0		0.0		0.0		0.0		0.0		0.6227313280105591		0.6120128035545349		0.5361558794975281		0.4193793833255768		0.0		0.02256280556321144		0.0		2.2479703426361084		
0.0		0.0		0.0		0.0		0.0		0.0		0.0		0.0		0.0		0.0		0.0		0.6221749186515808		0.6112101078033447		0.5377355813980103		0.4171614646911621		0.0		0.02231353148818016		0.0		2.311124801635742		
0.0		0.0		0.0		0.0		0.0		0.0		0.0		0.0		0.0		0.0		0.0		0.6211622357368469		0.6105942130088806		0.5411872267723083		0.4107357859611511		0.0		0.02152440883219242		0.0		2.37373948097229		
0.0		0.0		0.0		0.0		0.0		0.0		0.0		0.0		0.0		0.0		0.0		0.6201080679893494		0.6102983355522156		0.5441285967826843		0.40558674931526184		0.0		0.020434342324733734		0.0		2.43583083152771		
0.0		0.0		0.0		0.0		0.0		0.0		0.0		0.0		0.0		0.0		0.0		0.6197642087936401		0.6104757785797119		0.5444726347923279		0.4049254059791565		0.0		0.019904732704162598		0.0		2.4974148273468018		
