0.0		0.0		0.0		0.0		0.0		0.0		0.0		0.0		0.0		0.0		0.0		166.8048553466797		166.83384704589844		166.5523681640625		167.0		0.0		0.0		0.0		167.0		
0.0		0.0		0.0		0.0		0.0		0.0		0.0		0.0		0.0		0.0		0.0		167.0		166.73178100585938		166.86068725585938		167.0		0.0		0.0		0.0		167.0		
0.0		0.0		0.0		0.0		0.0		0.0		0.0		0.0		0.0		0.0		0.0		167.0		166.78746032714844		166.9466094970703		167.0		0.0		0.0		0.0		167.0		
0.0		0.0		0.0		0.0		0.0		0.0		0.0		0.0		0.0		0.0		0.0		166.90524291992188		166.8546142578125		166.97499084472656		167.0		0.0		0.0		0.0		167.0		
0.0		0.0		0.0		0.0		0.0		0.0		0.0		0.0		0.0		0.0		0.0		167.0		166.87066650390625		166.9869842529297		167.0		0.0		0.0		0.0		167.0		
0.0		0.0		0.0		0.0		0.0		0.0		0.0		0.0		0.0		0.0		0.0		166.9311981201172		166.9166259765625		166.99282836914062		167.0		0.0		0.0		0.0		167.0		
0.0		0.0		0.0		0.0		0.0		0.0		0.0		0.0		0.0		0.0		0.0		167.0		166.91781616210938		166.9959259033203		167.0		0.0		0.0		0.0		167.0		
0.0		0.0		0.0		0.0		0.0		0.0		0.0		0.0		0.0		0.0		0.0		166.94830322265625		166.979736328125		166.99774169921875		167.0		0.0		0.0		0.0		167.0		
0.0		0.0		0.0		0.0		0.0		0.0		0.0		0.0		0.0		0.0		0.0		167.0		166.94691467285156		166.95489501953125		167.0		0.0		0.0		0.0		167.0		
0.0		0.0		0.0		0.0		0.0		0.0		0.0		0.0		0.0		0.0		0.0		166.99960327148438		166.9927978515625		166.96124267578125		167.0		0.0		0.0		0.0		167.0		
0.0		0.0		0.0		0.0		0.0		0.0		0.0		0.0		0.0		0.0		0.0		167.0		166.9746856689453		166.99961853027344		167.0		0.0		0.0		0.0		167.0		
0.0		0.0		0.0		0.0		0.0		0.0		0.0		0.0		0.0		0.0		0.0		167.0		166.96031188964844		166.9997100830078		167.0		0.0		0.0		0.0		167.0		
0.0		0.0		0.0		0.0		0.0		0.0		0.0		0.0		0.0		0.0		0.0		166.9772186279297		167.0		166.97991943359375		167.0		0.0		0.0		0.0		167.0		
0.0		0.0		0.0		0.0		0.0		0.0		0.0		0.0		0.0		0.0		0.0		167.0		166.97203063964844		166.97088623046875		167.0		0.0		0.0		0.0		167.0		
0.0		0.0		0.0		0.0		0.0		0.0		0.0		0.0		0.0		0.0		0.0		167.0		166.9757080078125		166.99989318847656		167.0		0.0		0.0		0.0		167.0		
0.0		0.0		0.0		0.0		0.0		0.0		0.0		0.0		0.0		0.0		0.0		166.9730987548828		166.98040771484375		166.99990844726562		167.0		0.0		0.0		0.0		167.0		
0.0		0.0		0.0		0.0		0.0		0.0		0.0		0.0		0.0		0.0		0.0		167.0		166.98495483398438		166.983154296875		167.0		0.0		0.0		0.0		167.0		
0.0		0.0		0.0		0.0		0.0		0.0		0.0		0.0		0.0		0.0		0.0		167.0		166.9752197265625		166.98040771484375		167.0		0.0		0.0		0.0		167.0		
0.0		0.0		0.0		0.0		0.0		0.0		0.0		0.0		0.0		0.0		0.0		166.98831176757812		166.98623657226562		166.9999542236328		167.0		0.0		0.0		0.0		167.0		
0.0		0.0		0.0		0.0		0.0		0.0		0.0		0.0		0.0		0.0		0.0		166.98275756835938		166.99114990234375		166.9999542236328		167.0		0.0		0.0		0.0		167.0		
0.0		0.0		0.0		0.0		0.0		0.0		0.0		0.0		0.0		0.0		0.0		167.0		166.98284912109375		166.98129272460938		167.0		0.0		0.0		0.0		167.0		
0.0		0.0		0.0		0.0		0.0		0.0		0.0		0.0		0.0		0.0		0.0		167.0		166.98318481445312		166.9980010986328		167.0		0.0		0.0		0.0		167.0		
0.0		0.0		0.0		0.0		0.0		0.0		0.0		0.0		0.0		0.0		0.0		166.99383544921875		166.98614501953125		166.99996948242188		167.0		0.0		0.0		0.0		167.0		
0.0		0.0		0.0		0.0		0.0		0.0		0.0		0.0		0.0		0.0		0.0		166.99203491210938		167.0		166.98568725585938		167.0		0.0		0.0		0.0		167.0		
0.0		0.0		0.0		0.0		0.0		0.0		0.0		0.0		0.0		0.0		0.0		167.0		166.99656677246094		166.98770141601562		167.0		0.0		0.0		0.0		167.0		
0.0		0.0		0.0		0.0		0.0		0.0		0.0		0.0		0.0		0.0		0.0		167.0		166.98536682128906		166.99998474121094		167.0		0.0		0.0		0.0		167.0		
0.0		0.0		0.0		0.0		0.0		0.0		0.0		0.0		0.0		0.0		0.0		167.0		166.98609924316406		166.9912109375		167.0		0.0		0.0		0.0		167.0		
0.0		0.0		0.0		0.0		0.0		0.0		0.0		0.0		0.0		0.0		0.0		167.0		166.99085998535156		166.983154296875		166.99945068359375		0.0		0.0		0.0		167.0		
0.0		0.0		0.0		0.0		0.0		0.0		0.0		0.0		0.0		0.0		0.0		166.99472045898438		167.0		166.99586486816406		167.0		0.0		0.0		0.0		167.0		
0.0		0.0		0.0		0.0		0.0		0.0		0.0		0.0		0.0		0.0		0.0		166.9888916015625		166.99440002441406		167.0		166.99972534179688		0.0		0.0		0.0		167.0		
0.0		0.0		0.0		0.0		0.0		0.0		0.0		0.0		0.0		0.0		0.0		167.0		166.9955596923828		166.9867401123047		167.0		0.0		0.0		0.0		167.0		
0.0		0.0		0.0		0.0		0.0		0.0		0.0		0.0		0.0		0.0		0.0		167.0		166.99459838867188		166.99974060058594		166.99937438964844		0.0		0.0		0.0		167.0		
0.0		0.0		0.0		0.0		0.0		0.0		0.0		0.0		0.0		0.0		0.0		167.0		166.9901580810547		166.99868774414062		167.0		0.0		0.0		0.0		167.0		
0.0		0.0		0.0		0.0		0.0		0.0		0.0		0.0		0.0		0.0		0.0		167.0		166.98995971679688		166.98692321777344		166.99913024902344		0.0		0.0		0.0		167.0		
0.0		0.0		0.0		0.0		0.0		0.0		0.0		0.0		0.0		0.0		0.0		167.0		166.99069213867188		166.99081420898438		167.0		0.0		0.0		0.0		167.0		
0.0		0.0		0.0		0.0		0.0		0.0		0.0		0.0		0.0		0.0		0.0		166.99986267089844		166.99166870117188		166.99887084960938		167.0		0.0		0.0		0.0		167.0		
0.0		0.0		0.0		0.0		0.0		0.0		0.0		0.0		0.0		0.0		0.0		167.0		166.99624633789062		166.9876708984375		166.9999542236328		0.0		0.0		0.0		167.0		
0.0		0.0		0.0		0.0		0.0		0.0		0.0		0.0		0.0		0.0		0.0		166.99981689453125		166.99819946289062		166.989990234375		167.0		0.0		0.0		0.0		167.0		
0.0		0.0		0.0		0.0		0.0		0.0		0.0		0.0		0.0		0.0		0.0		166.99229431152344		166.99302673339844		167.0		166.99942016601562		0.0		0.0		0.0		167.0		
0.0		0.0		0.0		0.0		0.0		0.0		0.0		0.0		0.0		0.0		0.0		166.99859619140625		167.0		166.9913330078125		167.0		0.0		0.0		0.0		167.0		
0.0		0.0		0.0		0.0		0.0		0.0		0.0		0.0		0.0		0.0		0.0		166.9954071044922		167.0		166.9895477294922		166.9985809326172		0.0		0.0		0.0		167.0		
0.0		0.0		0.0		0.0		0.0		0.0		0.0		0.0		0.0		0.0		0.0		166.99404907226562		166.99618530273438		166.99798583984375		167.0		0.0		0.0		0.0		167.0		
0.0		0.0		0.0		0.0		0.0		0.0		0.0		0.0		0.0		0.0		0.0		166.9998016357422		166.99984741210938		166.99075317382812		167.0		0.0		0.0		0.0		167.0		
0.0		0.0		0.0		0.0		0.0		0.0		0.0		0.0		0.0		0.0		0.0		166.9967498779297		166.99993896484375		166.9919891357422		166.99844360351562		0.0		0.0		0.0		167.0		
0.0		0.0		0.0		0.0		0.0		0.0		0.0		0.0		0.0		0.0		0.0		166.99679565429688		166.99880981445312		166.99777221679688		167.0		0.0		0.0		0.0		167.0		
0.0		0.0		0.0		0.0		0.0		0.0		0.0		0.0		0.0		0.0		0.0		167.0		166.9992218017578		166.98904418945312		166.99948120117188		0.0		0.0		0.0		167.0		
0.0		0.0		0.0		0.0		0.0		0.0		0.0		0.0		0.0		0.0		0.0		166.9970703125		166.99990844726562		166.9954071044922		166.9989013671875		0.0		0.0		0.0		167.0		
0.0		0.0		0.0		0.0		0.0		0.0		0.0		0.0		0.0		0.0		0.0		166.99778747558594		166.99998474121094		166.99716186523438		167.0		0.0		0.0		0.0		167.0		
0.0		0.0		0.0		0.0		0.0		0.0		0.0		0.0		0.0		0.0		0.0		167.0		166.99969482421875		166.98956298828125		166.99879455566406		0.0		0.0		0.0		167.0		
0.0		0.0		0.0		0.0		0.0		0.0		0.0		0.0		0.0		0.0		0.0		166.99563598632812		166.9974822998047		166.99998474121094		166.99928283691406		0.0		0.0		0.0		167.0		
0.0		0.0		0.0		0.0		0.0		0.0		0.0		0.0		0.0		0.0		0.0		166.9984130859375		167.0		166.99517822265625		167.0		0.0		0.0		0.0		167.0		
0.0		0.0		0.0		0.0		0.0		0.0		0.0		0.0		0.0		0.0		0.0		166.99996948242188		166.9998779296875		166.99032592773438		166.9992218017578		0.0		0.0		0.0		167.0		
0.0		0.0		0.0		0.0		0.0		0.0		0.0		0.0		0.0		0.0		0.0		166.99566650390625		166.99496459960938		167.0		166.99893188476562		0.0		0.0		0.0		167.0		
0.0		0.0		0.0		0.0		0.0		0.0		0.0		0.0		0.0		0.0		0.0		167.0		166.99754333496094		166.99322509765625		167.0		0.0		0.0		0.0		167.0		
0.0		0.0		0.0		0.0		0.0		0.0		0.0		0.0		0.0		0.0		0.0		167.0		166.9970703125		166.9939422607422		167.0		0.0		0.0		0.0		167.0		
0.0		0.0		0.0		0.0		0.0		0.0		0.0		0.0		0.0		0.0		0.0		166.9998779296875		166.99488830566406		167.0		166.99856567382812		0.0		0.0		0.0		167.0		
0.0		0.0		0.0		0.0		0.0		0.0		0.0		0.0		0.0		0.0		0.0		167.0		166.9953155517578		166.99131774902344		166.99928283691406		0.0		0.0		0.0		167.0		
0.0		0.0		0.0		0.0		0.0		0.0		0.0		0.0		0.0		0.0		0.0		167.0		166.99591064453125		166.99745178222656		167.0		0.0		0.0		0.0		167.0		
0.0		0.0		0.0		0.0		0.0		0.0		0.0		0.0		0.0		0.0		0.0		167.0		166.99615478515625		166.993896484375		166.99990844726562		0.0		0.0		0.0		167.0		
0.0		0.0		0.0		0.0		0.0		0.0		0.0		0.0		0.0		0.0		0.0		167.0		166.9976348876953		166.99395751953125		166.99818420410156		0.0		0.0		0.0		167.0		
0.0		0.0		0.0		0.0		0.0		0.0		0.0		0.0		0.0		0.0		0.0		166.99859619140625		166.9974822998047		166.99813842773438		167.0		0.0		0.0		0.0		167.0		
0.0		0.0		0.0		0.0		0.0		0.0		0.0		0.0		0.0		0.0		0.0		167.0		166.99786376953125		166.99342346191406		167.0		0.0		0.0		0.0		166.9986114501953		
0.0		0.0		0.0		0.0		0.0		0.0		0.0		0.0		0.0		0.0		0.0		166.9984893798828		166.9980926513672		166.99827575683594		167.0		0.0		0.0		0.0		166.992431640625		
0.0		0.0		0.0		0.0		0.0		0.0		0.0		0.0		0.0		0.0		0.0		167.0		166.9982147216797		166.99464416503906		166.9983367919922		0.0		0.0		0.0		166.9777374267578		
0.0		0.0		0.0		0.0		0.0		0.0		0.0		0.0		0.0		0.0		0.0		167.0		166.996826171875		166.99456787109375		166.99908447265625		0.0		0.0		0.0		166.95143127441406		
0.0		0.0		0.0		0.0		0.0		0.0		0.0		0.0		0.0		0.0		0.0		166.98965454101562		166.97463989257812		166.94131469726562		166.91397094726562		0.0		0.0		0.0		166.90892028808594		
0.0		0.0		0.0		0.0		0.0		0.0		0.0		0.0		0.0		0.0		0.0		166.97494506835938		166.94851684570312		166.8879852294922		166.84677124023438		0.0		166.9761505126953		0.0		166.83924865722656		
0.0		0.0		0.0		0.0		0.0		0.0		0.0		0.0		0.0		0.0		0.0		166.9359588623047		166.90206909179688		166.81309509277344		166.7329559326172		0.0		166.9371795654297		0.0		166.7300567626953		
0.0		0.0		0.0		0.0		0.0		0.0		0.0		0.0		0.0		0.0		0.0		166.88104248046875		166.8331298828125		166.6905975341797		166.5670623779297		0.0		166.88247680664062		0.0		166.56234741210938		
0.0		0.0		0.0		0.0		0.0		0.0		0.0		0.0		0.0		0.0		0.0		166.80319213867188		166.7267303466797		166.5025634765625		166.30950927734375		0.0		166.80560302734375		0.0		166.3020782470703		
0.0		0.0		0.0		0.0		0.0		0.0		0.0		0.0		0.0		0.0		0.0		166.6756134033203		166.56712341308594		166.28802490234375		167.0		0.0		166.67906188964844		0.0		165.8883056640625		
0.0		0.0		0.0		0.0		0.0		0.0		0.0		0.0		0.0		0.0		0.0		167.0		166.6837921142578		166.5873565673828		166.38108825683594		0.0		0.0		0.0		165.3826904296875		
0.0		0.0		0.0		0.0		0.0		0.0		0.0		0.0		0.0		0.0		0.0		166.6698455810547		166.6014862060547		167.0		166.4935760498047		0.0		0.0		0.0		164.8430938720703		
0.0		0.0		0.0		0.0		0.0		0.0		0.0		0.0		0.0		0.0		0.0		166.83213806152344		166.9219970703125		166.63772583007812		166.56056213378906		0.0		0.0		0.0		164.26937866210938		
0.0		0.0		0.0		0.0		0.0		0.0		0.0		0.0		0.0		0.0		0.0		166.881591796875		166.69003295898438		167.0		166.63600158691406		0.0		166.4519500732422		0.0		163.66346740722656		
0.0		0.0		0.0		0.0		0.0		0.0		0.0		0.0		0.0		0.0		0.0		166.74859619140625		166.7381134033203		166.81285095214844		166.88876342773438		0.0		0.0		0.0		163.0274200439453		
0.0		0.0		0.0		0.0		0.0		0.0		0.0		0.0		0.0		0.0		0.0		166.93687438964844		166.9355010986328		166.676025390625		167.0		0.0		166.7913055419922		0.0		162.36326599121094		
0.0		0.0		0.0		0.0		0.0		0.0		0.0		0.0		0.0		0.0		0.0		167.0		166.7282257080078		166.76211547851562		167.0		0.0		166.4247283935547		0.0		161.67311096191406		
0.0		0.0		0.0		0.0		0.0		0.0		0.0		0.0		0.0		0.0		0.0		167.0		166.7672882080078		166.73187255859375		167.0		0.0		166.97064208984375		0.0		160.9590301513672		
0.0		0.0		0.0		0.0		0.0		0.0		0.0		0.0		0.0		0.0		0.0		166.749267578125		166.75299072265625		166.9292449951172		166.90260314941406		0.0		166.77981567382812		0.0		160.22305297851562		
0.0		0.0		0.0		0.0		0.0		0.0		0.0		0.0		0.0		0.0		0.0		166.77516174316406		166.73434448242188		167.0		166.84182739257812		0.0		166.93199157714844		0.0		159.46722412109375		
0.0		0.0		0.0		0.0		0.0		0.0		0.0		0.0		0.0		0.0		0.0		166.7429656982422		166.77957153320312		167.0		166.857421875		0.0		166.75466918945312		0.0		158.69349670410156		
0.0		0.0		0.0		0.0		0.0		0.0		0.0		0.0		0.0		0.0		0.0		166.73944091796875		166.7681884765625		167.0		166.9237060546875		0.0		166.74465942382812		0.0		157.90380859375		
0.0		0.0		0.0		0.0		0.0		0.0		0.0		0.0		0.0		0.0		0.0		166.7745819091797		167.0		166.84716796875		167.0		0.0		166.75399780273438		0.0		157.10000610351562		
0.0		0.0		0.0		0.0		0.0		0.0		0.0		0.0		0.0		0.0		0.0		166.78729248046875		167.0		166.86964416503906		167.0		0.0		166.76341247558594		0.0		156.28390502929688		
0.0		0.0		0.0		0.0		0.0		0.0		0.0		0.0		0.0		0.0		0.0		166.82061767578125		166.9976348876953		166.892578125		167.0		0.0		166.8033905029297		0.0		155.45721435546875		
0.0		0.0		0.0		0.0		0.0		0.0		0.0		0.0		0.0		0.0		0.0		166.79270935058594		166.8472900390625		166.9652557373047		166.95748901367188		0.0		166.8017578125		0.0		154.62161254882812		
0.0		0.0		0.0		0.0		0.0		0.0		0.0		0.0		0.0		0.0		0.0		166.77157592773438		166.78671264648438		167.0		166.9203338623047		0.0		166.7915496826172		0.0		153.77870178222656		
0.0		0.0		0.0		0.0		0.0		0.0		0.0		0.0		0.0		0.0		0.0		166.7661895751953		166.79620361328125		167.0		166.92459106445312		0.0		166.77662658691406		0.0		152.92996215820312		
0.0		0.0		0.0		0.0		0.0		0.0		0.0		0.0		0.0		0.0		0.0		166.77081298828125		166.84291076660156		166.99813842773438		166.9732208251953		0.0		166.7704620361328		0.0		152.0768585205078		
0.0		0.0		0.0		0.0		0.0		0.0		0.0		0.0		0.0		0.0		0.0		166.7843780517578		166.95657348632812		166.93026733398438		167.0		0.0		166.77572631835938		0.0		151.2207489013672		
0.0		0.0		0.0		0.0		0.0		0.0		0.0		0.0		0.0		0.0		0.0		166.80296325683594		167.0		166.91824340820312		167.0		0.0		166.78952026367188		0.0		150.3629150390625		
0.0		0.0		0.0		0.0		0.0		0.0		0.0		0.0		0.0		0.0		0.0		166.8095245361328		166.94992065429688		166.93515014648438		167.0		0.0		166.80213928222656		0.0		149.5045928955078		
0.0		0.0		0.0		0.0		0.0		0.0		0.0		0.0		0.0		0.0		0.0		166.80343627929688		166.84983825683594		166.97764587402344		166.97769165039062		0.0		166.80845642089844		0.0		148.64691162109375		
0.0		0.0		0.0		0.0		0.0		0.0		0.0		0.0		0.0		0.0		0.0		166.79605102539062		166.82003784179688		167.0		166.9491424560547		0.0		166.8055877685547		0.0		147.79095458984375		
0.0		0.0		0.0		0.0		0.0		0.0		0.0		0.0		0.0		0.0		0.0		166.7935333251953		166.8253173828125		167.0		166.95103454589844		0.0		166.7987823486328		0.0		146.93772888183594		
0.0		0.0		0.0		0.0		0.0		0.0		0.0		0.0		0.0		0.0		0.0		166.7981414794922		166.8591766357422		166.97674560546875		166.98419189453125		0.0		166.79751586914062		0.0		146.088134765625		
0.0		0.0		0.0		0.0		0.0		0.0		0.0		0.0		0.0		0.0		0.0		166.80784606933594		166.92514038085938		166.94956970214844		167.0		0.0		166.80226135253906		0.0		145.2430877685547		
0.0		0.0		0.0		0.0		0.0		0.0		0.0		0.0		0.0		0.0		0.0		166.8170928955078		166.9435272216797		166.94873046875		167.0		0.0		166.8106231689453		0.0		144.40335083007812		
0.0		0.0		0.0		0.0		0.0		0.0		0.0		0.0		0.0		0.0		0.0		166.821044921875		166.8987579345703		166.95318603515625		167.0		0.0		166.81871032714844		0.0		143.56968688964844		
0.0		0.0		0.0		0.0		0.0		0.0		0.0		0.0		0.0		0.0		0.0		166.81884765625		166.8563690185547		166.98463439941406		166.98573303222656		0.0		166.8216552734375		0.0		142.74276733398438		
0.0		0.0		0.0		0.0		0.0		0.0		0.0		0.0		0.0		0.0		0.0		166.81631469726562		166.83999633789062		167.0		166.96563720703125		0.0		166.82086181640625		0.0		141.92323303222656		
0.0		0.0		0.0		0.0		0.0		0.0		0.0		0.0		0.0		0.0		0.0		166.81649780273438		166.84786987304688		167.0		166.96826171875		0.0		166.81886291503906		0.0		141.11163330078125		
0.0		0.0		0.0		0.0		0.0		0.0		0.0		0.0		0.0		0.0		0.0		166.81956481933594		166.866455078125		166.98011779785156		166.9921875		0.0		166.81907653808594		0.0		140.3085174560547		
0.0		0.0		0.0		0.0		0.0		0.0		0.0		0.0		0.0		0.0		0.0		166.7709197998047		165.91873168945312		155.2455291748047		139.7434539794922		0.0		166.7978973388672		0.0		139.50588989257812		
0.0		0.0		0.0		0.0		0.0		0.0		0.0		0.0		0.0		0.0		0.0		161.73936462402344		156.89524841308594		143.90980529785156		138.7958526611328		0.0		161.91481018066406		0.0		138.60780334472656		
0.0		0.0		0.0		0.0		0.0		0.0		0.0		0.0		0.0		0.0		0.0		154.90098571777344		149.88682556152344		139.90065002441406		137.76747131347656		0.0		155.0507049560547		0.0		137.57073974609375		
0.0		0.0		0.0		0.0		0.0		0.0		0.0		0.0		0.0		0.0		0.0		149.02259826660156		144.9603729248047		137.96998596191406		136.56246948242188		0.0		149.15353393554688		0.0		136.35646057128906		
0.0		0.0		0.0		0.0		0.0		0.0		0.0		0.0		0.0		0.0		0.0		144.4447784423828		141.49049377441406		136.46090698242188		135.12265014648438		0.0		144.53538513183594		0.0		134.90484619140625		
0.0		0.0		0.0		0.0		0.0		0.0		0.0		0.0		0.0		0.0		0.0		141.21267700195312		138.9425811767578		134.86935424804688		133.34803771972656		0.0		141.28079223632812		0.0		133.1150360107422		
0.0		0.0		0.0		0.0		0.0		0.0		0.0		0.0		0.0		0.0		0.0		138.69459533691406		136.9016876220703		133.89761352539062		167.0		0.0		138.74514770507812		0.0		130.818603515625		
0.0		0.0		0.0		0.0		0.0		0.0		0.0		0.0		0.0		0.0		0.0		167.0		141.83670043945312		138.48609924316406		138.08006286621094		0.0		0.0		0.0		128.5397186279297		
0.0		0.0		0.0		0.0		0.0		0.0		0.0		0.0		0.0		0.0		0.0		141.08419799804688		139.8147735595703		167.0		140.93728637695312		0.0		0.0		0.0		126.55219268798828		
0.0		0.0		0.0		0.0		0.0		0.0		0.0		0.0		0.0		0.0		0.0		153.21469116210938		161.55165100097656		142.2218780517578		143.69496154785156		0.0		0.0		0.0		124.79652404785156		
0.0		0.0		0.0		0.0		0.0		0.0		0.0		0.0		0.0		0.0		0.0		158.67384338378906		146.04920959472656		167.0		147.3882598876953		0.0		143.85861206054688		0.0		123.22964477539062		
0.0		0.0		0.0		0.0		0.0		0.0		0.0		0.0		0.0		0.0		0.0		148.42486572265625		150.1074676513672		155.9096221923828		161.58815002441406		0.0		0.0		0.0		121.81885528564453		
0.0		0.0		0.0		0.0		0.0		0.0		0.0		0.0		0.0		0.0		0.0		162.35301208496094		162.3389129638672		146.99343872070312		167.0		0.0		150.93763732910156		0.0		120.53890228271484		
0.0		0.0		0.0		0.0		0.0		0.0		0.0		0.0		0.0		0.0		0.0		167.0		149.10580444335938		153.73643493652344		167.0		0.0		162.7696533203125		0.0		119.36991882324219		
0.0		0.0		0.0		0.0		0.0		0.0		0.0		0.0		0.0		0.0		0.0		167.0		149.8163604736328		150.31690979003906		167.0		0.0		164.82510375976562		0.0		118.29609680175781		
0.0		0.0		0.0		0.0		0.0		0.0		0.0		0.0		0.0		0.0		0.0		148.1496124267578		150.1781005859375		163.51040649414062		161.065185546875		0.0		150.2884063720703		0.0		117.3046646118164		
0.0		0.0		0.0		0.0		0.0		0.0		0.0		0.0		0.0		0.0		0.0		148.7347869873047		148.3339385986328		167.0		158.05531311035156		0.0		160.76327514648438		0.0		116.18017578125		
0.0		0.0		0.0		0.0		0.0		0.0		0.0		0.0		0.0		0.0		0.0		147.3019561767578		152.08929443359375		167.0		159.0252685546875		0.0		148.01466369628906		0.0		115.12511444091797		
0.0		0.0		0.0		0.0		0.0		0.0		0.0		0.0		0.0		0.0		0.0		147.2141876220703		151.33001708984375		166.80868530273438		164.47836303710938		0.0		147.4019775390625		0.0		114.13824462890625		
0.0		0.0		0.0		0.0		0.0		0.0		0.0		0.0		0.0		0.0		0.0		150.14736938476562		167.0		157.77725219726562		167.0		0.0		148.38143920898438		0.0		113.2127685546875		
0.0		0.0		0.0		0.0		0.0		0.0		0.0		0.0		0.0		0.0		0.0		151.40374755859375		167.0		159.1195831298828		167.0		0.0		149.2684326171875		0.0		112.34282684326172		
0.0		0.0		0.0		0.0		0.0		0.0		0.0		0.0		0.0		0.0		0.0		153.79559326171875		166.80648803710938		160.86154174804688		167.0		0.0		152.49136352539062		0.0		111.52336883544922		
0.0		0.0		0.0		0.0		0.0		0.0		0.0		0.0		0.0		0.0		0.0		151.41473388671875		156.4329376220703		165.23208618164062		164.3846893310547		0.0		152.35435485839844		0.0		110.74998474121094		
0.0		0.0		0.0		0.0		0.0		0.0		0.0		0.0		0.0		0.0		0.0		149.75656127929688		152.29322814941406		167.0		162.4563751220703		0.0		151.37339782714844		0.0		110.01882934570312		
0.0		0.0		0.0		0.0		0.0		0.0		0.0		0.0		0.0		0.0		0.0		149.20169067382812		152.7864532470703		167.0		162.70909118652344		0.0		150.01382446289062		0.0		109.32650756835938		
0.0		0.0		0.0		0.0		0.0		0.0		0.0		0.0		0.0		0.0		0.0		149.62669372558594		155.62762451171875		167.0		165.4738006591797		0.0		149.67776489257812		0.0		108.6700210571289		
0.0		0.0		0.0		0.0		0.0		0.0		0.0		0.0		0.0		0.0		0.0		150.7838897705078		164.7089385986328		162.64146423339844		167.0		0.0		150.00111389160156		0.0		108.04672241210938		
0.0		0.0		0.0		0.0		0.0		0.0		0.0		0.0		0.0		0.0		0.0		152.08473205566406		167.0		162.3653106689453		167.0		0.0		151.01754760742188		0.0		107.45423126220703		
0.0		0.0		0.0		0.0		0.0		0.0		0.0		0.0		0.0		0.0		0.0		152.7462615966797		163.57327270507812		163.2618408203125		167.0		0.0		152.19384765625		0.0		106.89043426513672		
0.0		0.0		0.0		0.0		0.0		0.0		0.0		0.0		0.0		0.0		0.0		152.2786865234375		157.17831420898438		165.8418426513672		165.7200927734375		0.0		152.6387176513672		0.0		106.35343170166016		
0.0		0.0		0.0		0.0		0.0		0.0		0.0		0.0		0.0		0.0		0.0		145.95555114746094		142.84690856933594		123.26873779296875		106.16895294189453		0.0		146.0577392578125		0.0		105.81068420410156		
0.0		0.0		0.0		0.0		0.0		0.0		0.0		0.0		0.0		0.0		0.0		137.1503448486328		129.63487243652344		111.16743469238281		105.57194519042969		0.0		137.38584899902344		0.0		105.20952606201172		
0.0		0.0		0.0		0.0		0.0		0.0		0.0		0.0		0.0		0.0		0.0		127.73629760742188		120.46715545654297		107.052001953125		104.90613555908203		0.0		127.96038818359375		0.0		104.53905487060547		
0.0		0.0		0.0		0.0		0.0		0.0		0.0		0.0		0.0		0.0		0.0		119.44166564941406		114.04374694824219		105.36927795410156		104.15383911132812		0.0		119.6100845336914		0.0		103.78156280517578		
0.0		0.0		0.0		0.0		0.0		0.0		0.0		0.0		0.0		0.0		0.0		113.77767944335938		110.05624389648438		104.3072509765625		103.28892517089844		0.0		113.88753509521484		0.0		102.91035461425781		
0.0		0.0		0.0		0.0		0.0		0.0		0.0		0.0		0.0		0.0		0.0		110.05074310302734		107.43731689453125		103.31604766845703		102.26795959472656		0.0		110.1243667602539		0.0		101.8816909790039		
0.0		0.0		0.0		0.0		0.0		0.0		0.0		0.0		0.0		0.0		0.0		107.60492706298828		106.27637481689453		167.0		106.9030532836914		0.0		107.63134002685547		0.0		100.6443099975586		
0.0		0.0		0.0		0.0		0.0		0.0		0.0		0.0		0.0		0.0		0.0		167.0		142.4838104248047		109.75165557861328		111.2910385131836		0.0		0.0		0.0		99.52859497070312		
0.0		0.0		0.0		0.0		0.0		0.0		0.0		0.0		0.0		0.0		0.0		116.9174575805664		112.15252685546875		167.0		118.3920669555664		0.0		95.76490020751953		0.0		98.61031341552734		
0.0		0.0		0.0		0.0		0.0		0.0		0.0		0.0		0.0		0.0		0.0		117.71560668945312		167.0		119.7303237915039		123.15544891357422		0.0		0.0		0.0		97.84136199951172		
0.0		0.0		0.0		0.0		0.0		0.0		0.0		0.0		0.0		0.0		0.0		165.82528686523438		161.57684326171875		127.95683288574219		162.1996612548828		0.0		146.88128662109375		0.0		97.18844604492188		
0.0		0.0		0.0		0.0		0.0		0.0		0.0		0.0		0.0		0.0		0.0		162.27171325683594		124.08943176269531		133.4561309814453		167.0		0.0		104.69391632080078		0.0		96.627685546875		
0.0		0.0		0.0		0.0		0.0		0.0		0.0		0.0		0.0		0.0		0.0		167.0		132.93386840820312		128.25990295410156		167.0		0.0		152.94309997558594		0.0		96.14151000976562		
0.0		0.0		0.0		0.0		0.0		0.0		0.0		0.0		0.0		0.0		0.0		140.53427124023438		127.54450225830078		142.47262573242188		167.0		0.0		163.35020446777344		0.0		95.71670532226562		
0.0		0.0		0.0		0.0		0.0		0.0		0.0		0.0		0.0		0.0		0.0		167.0		131.3025665283203		127.05049896240234		152.55943298339844		0.0		163.77027893066406		0.0		95.34314727783203		
0.0		0.0		0.0		0.0		0.0		0.0		0.0		0.0		0.0		0.0		0.0		126.082275390625		129.87342834472656		167.0		148.62351989746094		0.0		129.4777374267578		0.0		95.01293182373047		
0.0		0.0		0.0		0.0		0.0		0.0		0.0		0.0		0.0		0.0		0.0		125.48674011230469		127.57931518554688		167.0		150.3085174560547		0.0		141.22003173828125		0.0		94.71981811523438		
0.0		0.0		0.0		0.0		0.0		0.0		0.0		0.0		0.0		0.0		0.0		127.11738586425781		154.93247985839844		167.0		152.74566650390625		0.0		127.1510009765625		0.0		94.45880889892578		
0.0		0.0		0.0		0.0		0.0		0.0		0.0		0.0		0.0		0.0		0.0		127.57504272460938		141.78431701660156		155.749267578125		165.60696411132812		0.0		126.15036010742188		0.0		94.22583770751953		
0.0		0.0		0.0		0.0		0.0		0.0		0.0		0.0		0.0		0.0		0.0		139.63807678222656		167.0		148.13478088378906		167.0		0.0		131.2328338623047		0.0		94.0176010131836		
0.0		0.0		0.0		0.0		0.0		0.0		0.0		0.0		0.0		0.0		0.0		137.05010986328125		167.0		152.2963104248047		167.0		0.0		132.85093688964844		0.0		93.83134460449219		
0.0		0.0		0.0		0.0		0.0		0.0		0.0		0.0		0.0		0.0		0.0		138.96527099609375		149.85667419433594		157.2568817138672		167.0		0.0		140.92974853515625		0.0		93.66478729248047		
0.0		0.0		0.0		0.0		0.0		0.0		0.0		0.0		0.0		0.0		0.0		132.4591522216797		139.09356689453125		167.0		158.8145751953125		0.0		136.0752410888672		0.0		93.51602172851562		
0.0		0.0		0.0		0.0		0.0		0.0		0.0		0.0		0.0		0.0		0.0		129.73828125		135.91299438476562		167.0		158.48480224609375		0.0		132.7501678466797		0.0		93.38343048095703		
0.0		0.0		0.0		0.0		0.0		0.0		0.0		0.0		0.0		0.0		0.0		130.17347717285156		140.48626708984375		167.0		159.5384979248047		0.0		131.00083923339844		0.0		93.26563262939453		
0.0		0.0		0.0		0.0		0.0		0.0		0.0		0.0		0.0		0.0		0.0		124.3935546875		126.8329849243164		114.19917297363281		93.58343505859375		0.0		124.30318450927734		0.0		93.15629577636719		
0.0		0.0		0.0		0.0		0.0		0.0		0.0		0.0		0.0		0.0		0.0		121.51895141601562		116.34769439697266		99.91485595703125		93.47323608398438		0.0		121.6756591796875		0.0		93.04547882080078		
0.0		0.0		0.0		0.0		0.0		0.0		0.0		0.0		0.0		0.0		0.0		114.24602508544922		107.98820495605469		95.45446014404297		93.36219024658203		0.0		114.43414306640625		0.0		92.93376159667969		
0.0		0.0		0.0		0.0		0.0		0.0		0.0		0.0		0.0		0.0		0.0		107.03160858154297		102.10651397705078		94.09492492675781		93.2509536743164		0.0		107.18148803710938		0.0		92.8218994140625		
0.0		0.0		0.0		0.0		0.0		0.0		0.0		0.0		0.0		0.0		0.0		101.98475646972656		98.60646057128906		93.63337707519531		93.14069366455078		0.0		102.08145141601562		0.0		92.71100616455078		
0.0		0.0		0.0		0.0		0.0		0.0		0.0		0.0		0.0		0.0		0.0		98.82462310791016		96.5774154663086		93.40921020507812		93.0331039428711		0.0		98.88391876220703		0.0		92.60282897949219		
0.0		0.0		0.0		0.0		0.0		0.0		0.0		0.0		0.0		0.0		0.0		96.91323852539062		95.39978790283203		93.27792358398438		92.93103790283203		0.0		96.94841766357422		0.0		92.50025177001953		
0.0		0.0		0.0		0.0		0.0		0.0		0.0		0.0		0.0		0.0		0.0		97.15055847167969		102.06362915039062		100.11873626708984		167.0		0.0		96.96089935302734		0.0		92.4166259765625		
0.0		0.0		0.0		0.0		0.0		0.0		0.0		0.0		0.0		0.0		0.0		167.0		112.74880981445312		101.961181640625		167.0		0.0		0.0		0.0		92.37517547607422		
0.0		0.0		0.0		0.0		0.0		0.0		0.0		0.0		0.0		0.0		0.0		117.6303482055664		166.96728515625		107.79006958007812		167.0		0.0		135.99066162109375		0.0		92.36660766601562		
0.0		0.0		0.0		0.0		0.0		0.0		0.0		0.0		0.0		0.0		0.0		167.0		107.73116302490234		116.27307891845703		167.0		0.0		0.0		0.0		92.38301086425781		
0.0		0.0		0.0		0.0		0.0		0.0		0.0		0.0		0.0		0.0		0.0		167.0		112.86927032470703		112.57360076904297		165.80044555664062		0.0		159.8162078857422		0.0		92.41910552978516		
0.0		0.0		0.0		0.0		0.0		0.0		0.0		0.0		0.0		0.0		0.0		110.98479461669922		112.20303344726562		136.87562561035156		165.80792236328125		0.0		3.537703514099121		0.0		92.47135162353516		
0.0		0.0		0.0		0.0		0.0		0.0		0.0		0.0		0.0		0.0		0.0		165.50656127929688		132.3636932373047		164.70770263671875		134.59417724609375		0.0		0.0		0.0		92.53726959228516		
0.0		0.0		0.0		0.0		0.0		0.0		0.0		0.0		0.0		0.0		0.0		115.57511901855469		120.65711975097656		167.0		139.68077087402344		0.0		114.90401458740234		0.0		92.6151123046875		
0.0		0.0		0.0		0.0		0.0		0.0		0.0		0.0		0.0		0.0		0.0		115.49507904052734		118.98914337158203		166.9680938720703		145.1401824951172		0.0		119.82245635986328		0.0		92.70360565185547		
0.0		0.0		0.0		0.0		0.0		0.0		0.0		0.0		0.0		0.0		0.0		125.27825927734375		167.0		117.04830169677734		167.0		0.0		119.52023315429688		0.0		92.80183410644531		
0.0		0.0		0.0		0.0		0.0		0.0		0.0		0.0		0.0		0.0		0.0		125.35307312011719		153.14500427246094		147.9490509033203		167.0		0.0		119.98553466796875		0.0		92.90911865234375		
0.0		0.0		0.0		0.0		0.0		0.0		0.0		0.0		0.0		0.0		0.0		167.0		149.48605346679688		141.50450134277344		167.0		0.0		144.27947998046875		0.0		93.02498626708984		
0.0		0.0		0.0		0.0		0.0		0.0		0.0		0.0		0.0		0.0		0.0		131.0253143310547		166.03147888183594		152.25613403320312		166.66395568847656		0.0		129.75408935546875		0.0		93.14908599853516		
0.0		0.0		0.0		0.0		0.0		0.0		0.0		0.0		0.0		0.0		0.0		126.92790222167969		129.89437866210938		167.0		154.61019897460938		0.0		146.9832305908203		0.0		93.28089904785156		
0.0		0.0		0.0		0.0		0.0		0.0		0.0		0.0		0.0		0.0		0.0		121.6746826171875		128.98446655273438		167.0		154.44891357421875		0.0		125.85867309570312		0.0		93.32352447509766		
0.0		0.0		0.0		0.0		0.0		0.0		0.0		0.0		0.0		0.0		0.0		113.70294952392578		120.35692596435547		116.5342788696289		93.75306701660156		0.0		113.49787902832031		0.0		93.3493881225586		
0.0		0.0		0.0		0.0		0.0		0.0		0.0		0.0		0.0		0.0		0.0		116.15247344970703		113.70154571533203		100.89695739746094		93.7235336303711		0.0		116.21954345703125		0.0		93.31918334960938		
0.0		0.0		0.0		0.0		0.0		0.0		0.0		0.0		0.0		0.0		0.0		111.51655578613281		106.741943359375		95.90851593017578		93.63982391357422		0.0		111.65531158447266		0.0		93.23446655273438		
0.0		0.0		0.0		0.0		0.0		0.0		0.0		0.0		0.0		0.0		0.0		105.79745483398438		101.6186752319336		94.41859436035156		93.49968719482422		0.0		105.92321014404297		0.0		93.0930404663086		
0.0		0.0		0.0		0.0		0.0		0.0		0.0		0.0		0.0		0.0		0.0		101.44316864013672		98.43356323242188		93.86076354980469		93.29857635498047		0.0		101.52843475341797		0.0		92.89019775390625		
0.0		0.0		0.0		0.0		0.0		0.0		0.0		0.0		0.0		0.0		0.0		98.61322784423828		96.54457092285156		93.52560424804688		93.02775573730469		0.0		98.66724395751953		0.0		92.61717224121094		
0.0		0.0		0.0		0.0		0.0		0.0		0.0		0.0		0.0		0.0		0.0		96.8266830444336		95.36780548095703		93.20095825195312		92.67138671875		0.0		96.86083221435547		0.0		92.2579116821289		
0.0		0.0		0.0		0.0		0.0		0.0		0.0		0.0		0.0		0.0		0.0		95.84397888183594		95.71852111816406		167.0		95.59978485107422		0.0		95.8264389038086		0.0		91.79527282714844		
0.0		0.0		0.0		0.0		0.0		0.0		0.0		0.0		0.0		0.0		0.0		146.64300537109375		150.86285400390625		99.5963134765625		102.50240325927734		0.0		0.0		0.0		91.36075592041016		
0.0		0.0		0.0		0.0		0.0		0.0		0.0		0.0		0.0		0.0		0.0		126.83338165283203		102.67913818359375		167.0		111.66460418701172		0.0		102.09916687011719		0.0		90.98456573486328		
0.0		0.0		0.0		0.0		0.0		0.0		0.0		0.0		0.0		0.0		0.0		108.91072082519531		167.0		112.19537353515625		132.90359497070312		0.0		0.0		0.0		90.65495300292969		
0.0		0.0		0.0		0.0		0.0		0.0		0.0		0.0		0.0		0.0		0.0		154.60255432128906		167.0		114.16188049316406		167.0		0.0		150.88330078125		0.0		90.3644027709961		
0.0		0.0		0.0		0.0		0.0		0.0		0.0		0.0		0.0		0.0		0.0		167.0		113.15167999267578		127.62480926513672		167.0		0.0		124.3935546875		0.0		90.10752868652344		
0.0		0.0		0.0		0.0		0.0		0.0		0.0		0.0		0.0		0.0		0.0		167.0		120.64022064208984		120.90336608886719		167.0		0.0		155.98001098632812		0.0		89.88033294677734		
0.0		0.0		0.0		0.0		0.0		0.0		0.0		0.0		0.0		0.0		0.0		127.02542877197266		118.3070068359375		137.64199829101562		167.0		0.0		158.37486267089844		0.0		89.67967224121094		
0.0		0.0		0.0		0.0		0.0		0.0		0.0		0.0		0.0		0.0		0.0		167.0		124.60980987548828		133.1890106201172		146.50564575195312		0.0		163.03018188476562		0.0		89.50304412841797		
0.0		0.0		0.0		0.0		0.0		0.0		0.0		0.0		0.0		0.0		0.0		117.11396026611328		122.67938995361328		167.0		144.2094268798828		0.0		119.62010192871094		0.0		89.34837341308594		
0.0		0.0		0.0		0.0		0.0		0.0		0.0		0.0		0.0		0.0		0.0		116.13186645507812		119.69303894042969		167.0		146.61361694335938		0.0		133.78338623046875		0.0		89.21389770507812		
0.0		0.0		0.0		0.0		0.0		0.0		0.0		0.0		0.0		0.0		0.0		120.74768829345703		163.15667724609375		151.67111206054688		151.14144897460938		0.0		119.42121887207031		0.0		89.09811401367188		
0.0		0.0		0.0		0.0		0.0		0.0		0.0		0.0		0.0		0.0		0.0		120.90040588378906		144.66114807128906		150.8404541015625		167.0		0.0		118.36246490478516		0.0		88.99969482421875		
0.0		0.0		0.0		0.0		0.0		0.0		0.0		0.0		0.0		0.0		0.0		146.107421875		167.0		143.70176696777344		167.0		0.0		126.94123077392578		0.0		88.91747283935547		
0.0		0.0		0.0		0.0		0.0		0.0		0.0		0.0		0.0		0.0		0.0		131.74127197265625		167.0		149.74526977539062		167.0		0.0		126.81339263916016		0.0		88.85040283203125		
0.0		0.0		0.0		0.0		0.0		0.0		0.0		0.0		0.0		0.0		0.0		132.65155029296875		142.95394897460938		159.00367736816406		163.63235473632812		0.0		137.3820343017578		0.0		88.79753112792969		
0.0		0.0		0.0		0.0		0.0		0.0		0.0		0.0		0.0		0.0		0.0		124.8118667602539		132.50621032714844		167.0		155.92282104492188		0.0		129.43063354492188		0.0		88.75801086425781		
0.0		0.0		0.0		0.0		0.0		0.0		0.0		0.0		0.0		0.0		0.0		121.8709945678711		129.83851623535156		167.0		156.42669677734375		0.0		125.13650512695312		0.0		88.73103332519531		
0.0		0.0		0.0		0.0		0.0		0.0		0.0		0.0		0.0		0.0		0.0		122.84258270263672		137.3539276123047		167.0		158.9373016357422		0.0		123.37396240234375		0.0		88.71588897705078		
0.0		0.0		0.0		0.0		0.0		0.0		0.0		0.0		0.0		0.0		0.0		125.09156036376953		154.6714630126953		157.7775421142578		167.0		0.0		123.48382568359375		0.0		88.71189880371094		
0.0		0.0		0.0		0.0		0.0		0.0		0.0		0.0		0.0		0.0		0.0		129.30718994140625		167.0		155.07879638671875		167.0		0.0		126.16423797607422		0.0		88.71844482421875		
0.0		0.0		0.0		0.0		0.0		0.0		0.0		0.0		0.0		0.0		0.0		115.01911163330078		122.89447021484375		125.17923736572266		89.16234588623047		0.0		118.27191162109375		0.0		88.7352294921875		
0.0		0.0		0.0		0.0		0.0		0.0		0.0		0.0		0.0		0.0		0.0		118.34471130371094		115.74788665771484		99.77630615234375		89.19409942626953		0.0		118.42327880859375		0.0		88.76567077636719		
0.0		0.0		0.0		0.0		0.0		0.0		0.0		0.0		0.0		0.0		0.0		112.49055480957031		106.55656433105469		92.42251586914062		89.24128723144531		0.0		112.65907287597656		0.0		88.8133316040039		
0.0		0.0		0.0		0.0		0.0		0.0		0.0		0.0		0.0		0.0		0.0		105.222900390625		99.80088806152344		90.38607788085938		89.3109359741211		0.0		105.39118957519531		0.0		88.88359069824219		
0.0		0.0		0.0		0.0		0.0		0.0		0.0		0.0		0.0		0.0		0.0		99.42872619628906		95.5980453491211		89.84141540527344		89.41136169433594		0.0		99.53958892822266		0.0		88.98491668701172		
0.0		0.0		0.0		0.0		0.0		0.0		0.0		0.0		0.0		0.0		0.0		95.76949310302734		93.2395248413086		89.78056335449219		89.5569839477539		0.0		95.83868408203125		0.0		89.13187408447266		
0.0		0.0		0.0		0.0		0.0		0.0		0.0		0.0		0.0		0.0		0.0		93.66091918945312		92.2659683227539		120.78179168701172		152.6642303466797		0.0		93.68323516845703		0.0		89.3487319946289		
0.0		0.0		0.0		0.0		0.0		0.0		0.0		0.0		0.0		0.0		0.0		167.0		117.9947509765625		96.50128936767578		99.60223388671875		0.0		0.0		0.0		89.58860778808594		
0.0		0.0		0.0		0.0		0.0		0.0		0.0		0.0		0.0		0.0		0.0		103.05426025390625		99.3876953125		167.0		106.91244506835938		0.0		49.28218460083008		0.0		89.82667541503906		
0.0		0.0		0.0		0.0		0.0		0.0		0.0		0.0		0.0		0.0		0.0		107.25630187988281		167.0		107.32594299316406		112.45783996582031		0.0		0.0		0.0		90.06439971923828		
0.0		0.0		0.0		0.0		0.0		0.0		0.0		0.0		0.0		0.0		0.0		165.4661865234375		140.81121826171875		139.2686767578125		144.22618103027344		0.0		128.17222595214844		0.0		90.30229187011719		
0.0		0.0		0.0		0.0		0.0		0.0		0.0		0.0		0.0		0.0		0.0		143.31817626953125		116.51081848144531		125.1931381225586		167.0		0.0		55.965492248535156		0.0		90.54067993164062		
0.0		0.0		0.0		0.0		0.0		0.0		0.0		0.0		0.0		0.0		0.0		167.0		130.01473999023438		118.44216918945312		167.0		0.0		147.29010009765625		0.0		90.77979278564453		
0.0		0.0		0.0		0.0		0.0		0.0		0.0		0.0		0.0		0.0		0.0		148.57192993164062		116.43724060058594		134.91099548339844		167.0		0.0		161.19845581054688		0.0		91.01974487304688		
0.0		0.0		0.0		0.0		0.0		0.0		0.0		0.0		0.0		0.0		0.0		167.0		118.88627624511719		119.05126190185547		157.3798065185547		0.0		162.50091552734375		0.0		91.26060485839844		
0.0		0.0		0.0		0.0		0.0		0.0		0.0		0.0		0.0		0.0		0.0		115.13292694091797		121.1801986694336		167.0		144.5792999267578		0.0		123.09294128417969		0.0		91.50238037109375		
0.0		0.0		0.0		0.0		0.0		0.0		0.0		0.0		0.0		0.0		0.0		117.94236755371094		118.66829681396484		167.0		144.66502380371094		0.0		151.67701721191406		0.0		91.74507904052734		
0.0		0.0		0.0		0.0		0.0		0.0		0.0		0.0		0.0		0.0		0.0		117.70632934570312		147.1274871826172		167.0		147.43016052246094		0.0		118.14511108398438		0.0		91.98863983154297		
0.0		0.0		0.0		0.0		0.0		0.0		0.0		0.0		0.0		0.0		0.0		117.01175689697266		127.7083969116211		158.36572265625		159.41896057128906		0.0		116.48038482666016		0.0		92.2330322265625		
0.0		0.0		0.0		0.0		0.0		0.0		0.0		0.0		0.0		0.0		0.0		129.9374542236328		167.0		141.16262817382812		167.0		0.0		121.2816390991211		0.0		92.4781723022461		
0.0		0.0		0.0		0.0		0.0		0.0		0.0		0.0		0.0		0.0		0.0		128.19964599609375		167.0		147.68881225585938		167.0		0.0		122.51637268066406		0.0		92.7239990234375		
0.0		0.0		0.0		0.0		0.0		0.0		0.0		0.0		0.0		0.0		0.0		136.25265502929688		156.90994262695312		151.6663360595703		167.0		0.0		134.330810546875		0.0		92.97042083740234		
0.0		0.0		0.0		0.0		0.0		0.0		0.0		0.0		0.0		0.0		0.0		126.1805191040039		137.1380157470703		162.98898315429688		161.05520629882812		0.0		129.57159423828125		0.0		93.21736907958984		
0.0		0.0		0.0		0.0		0.0		0.0		0.0		0.0		0.0		0.0		0.0		121.50553894042969		128.47525024414062		167.0		155.52365112304688		0.0		126.19054412841797		0.0		93.46473693847656		
0.0		0.0		0.0		0.0		0.0		0.0		0.0		0.0		0.0		0.0		0.0		121.0713882446289		131.9511260986328		167.0		156.45582580566406		0.0		122.9457778930664		0.0		93.71245574951172		
0.0		0.0		0.0		0.0		0.0		0.0		0.0		0.0		0.0		0.0		0.0		122.21024322509766		141.6770782470703		162.5812530517578		162.6599884033203		0.0		121.74710083007812		0.0		93.96041870117188		
0.0		0.0		0.0		0.0		0.0		0.0		0.0		0.0		0.0		0.0		0.0		125.812255859375		163.0311279296875		156.01075744628906		167.0		0.0		123.43386840820312		0.0		94.20853424072266		
0.0		0.0		0.0		0.0		0.0		0.0		0.0		0.0		0.0		0.0		0.0		129.39889526367188		167.0		154.7082061767578		167.0		0.0		126.27310943603516		0.0		94.45671844482422		
0.0		0.0		0.0		0.0		0.0		0.0		0.0		0.0		0.0		0.0		0.0		130.05459594726562		156.40350341796875		158.4026641845703		167.0		0.0		129.0603790283203		0.0		94.70487213134766		
0.0		0.0		0.0		0.0		0.0		0.0		0.0		0.0		0.0		0.0		0.0		128.51007080078125		139.69151306152344		163.82481384277344		163.55125427246094		0.0		130.08799743652344		0.0		94.95289611816406		
