0.0		0.0		0.0		0.0		0.0		0.0		0.0		0.0		0.0		0.0		0.0		0.14454998075962067		0.19767770171165466		0.13103613257408142		0.10870116949081421		0.0		0.0		0.0		1.8863389492034912		
0.0		0.0		0.0		0.0		0.0		0.0		0.0		0.0		0.0		0.0		0.0		0.12154348939657211		0.26353734731674194		0.1695261299610138		0.10870116949081421		0.0		0.0		0.0		1.8863389492034912		
0.0		0.0		0.0		0.0		0.0		0.0		0.0		0.0		0.0		0.0		0.0		0.12154348939657211		0.33049872517585754		0.16917409002780914		0.10870116949081421		0.0		0.0		0.0		1.8863389492034912		
0.0		0.0		0.0		0.0		0.0		0.0		0.0		0.0		0.0		0.0		0.0		0.19267381727695465		0.3058205842971802		0.16857227683067322		0.10870116949081421		0.0		0.0		0.0		1.8863389492034912		
0.0		0.0		0.0		0.0		0.0		0.0		0.0		0.0		0.0		0.0		0.0		0.12154348939657211		0.3990032374858856		0.16848532855510712		0.10870116949081421		0.0		0.0		0.0		1.8863389492034912		
0.0		0.0		0.0		0.0		0.0		0.0		0.0		0.0		0.0		0.0		0.0		0.2052917778491974		0.3359716832637787		0.16847243905067444		0.10870116949081421		0.0		0.0		0.0		1.8863389492034912		
0.0		0.0		0.0		0.0		0.0		0.0		0.0		0.0		0.0		0.0		0.0		0.12154348939657211		0.42910099029541016		0.16847048699855804		0.10870116949081421		0.0		0.0		0.0		1.8863389492034912		
0.0		0.0		0.0		0.0		0.0		0.0		0.0		0.0		0.0		0.0		0.0		0.21013084053993225		0.22264280915260315		0.16847020387649536		0.10870116949081421		0.0		0.0		0.0		1.8863389492034912		
0.0		0.0		0.0		0.0		0.0		0.0		0.0		0.0		0.0		0.0		0.0		0.12154348939657211		0.36608365178108215		0.29780396819114685		0.10870116949081421		0.0		0.0		0.0		1.8863389492034912		
0.0		0.0		0.0		0.0		0.0		0.0		0.0		0.0		0.0		0.0		0.0		0.12206116318702698		0.19786320626735687		0.29690679907798767		0.10870116949081421		0.0		0.0		0.0		1.8863389492034912		
0.0		0.0		0.0		0.0		0.0		0.0		0.0		0.0		0.0		0.0		0.0		0.12154348939657211		0.265903502702713		0.16847014427185059		0.10870116949081421		0.0		0.0		0.0		1.8863389492034912		
0.0		0.0		0.0		0.0		0.0		0.0		0.0		0.0		0.0		0.0		0.0		0.12154348939657211		0.3987712562084198		0.16847014427185059		0.10870116949081421		0.0		0.0		0.0		1.8863389492034912		
0.0		0.0		0.0		0.0		0.0		0.0		0.0		0.0		0.0		0.0		0.0		0.18111403286457062		0.18299922347068787		0.24655728042125702		0.10870116949081421		0.0		0.0		0.0		1.8863389492034912		
0.0		0.0		0.0		0.0		0.0		0.0		0.0		0.0		0.0		0.0		0.0		0.12154348939657211		0.3277195394039154		0.3358423411846161		0.10870116949081421		0.0		0.0		0.0		1.8863389492034912		
0.0		0.0		0.0		0.0		0.0		0.0		0.0		0.0		0.0		0.0		0.0		0.12154348939657211		0.31834959983825684		0.16847014427185059		0.10870116949081421		0.0		0.0		0.0		1.8863389492034912		
0.0		0.0		0.0		0.0		0.0		0.0		0.0		0.0		0.0		0.0		0.0		0.24340826272964478		0.30726537108421326		0.16847014427185059		0.10870116949081421		0.0		0.0		0.0		1.8863389492034912		
0.0		0.0		0.0		0.0		0.0		0.0		0.0		0.0		0.0		0.0		0.0		0.12154348939657211		0.2638891935348511		0.26900070905685425		0.10870116949081421		0.0		0.0		0.0		1.8863389492034912		
0.0		0.0		0.0		0.0		0.0		0.0		0.0		0.0		0.0		0.0		0.0		0.12154348939657211		0.391402006149292		0.31768670678138733		0.10870116949081421		0.0		0.0		0.0		1.8863389492034912		
0.0		0.0		0.0		0.0		0.0		0.0		0.0		0.0		0.0		0.0		0.0		0.16714265942573547		0.2805403172969818		0.16847014427185059		0.10870116949081421		0.0		0.0		0.0		1.8863389492034912		
0.0		0.0		0.0		0.0		0.0		0.0		0.0		0.0		0.0		0.0		0.0		0.21369722485542297		0.24202105402946472		0.16847014427185059		0.10870116949081421		0.0		0.0		0.0		1.8863389492034912		
0.0		0.0		0.0		0.0		0.0		0.0		0.0		0.0		0.0		0.0		0.0		0.12154348939657211		0.3398151993751526		0.36323806643486023		0.10870116949081421		0.0		0.0		0.0		1.8863389492034912		
0.0		0.0		0.0		0.0		0.0		0.0		0.0		0.0		0.0		0.0		0.0		0.12154348939657211		0.34776729345321655		0.17966239154338837		0.10870116949081421		0.0		0.0		0.0		1.8863389492034912		
0.0		0.0		0.0		0.0		0.0		0.0		0.0		0.0		0.0		0.0		0.0		0.15041732788085938		0.3318113684654236		0.16847014427185059		0.10870116949081421		0.0		0.0		0.0		1.8863389492034912		
0.0		0.0		0.0		0.0		0.0		0.0		0.0		0.0		0.0		0.0		0.0		0.16299201548099518		0.18299922347068787		0.33163702487945557		0.10870116949081421		0.0		0.0		0.0		1.8863389492034912		
0.0		0.0		0.0		0.0		0.0		0.0		0.0		0.0		0.0		0.0		0.0		0.12154348939657211		0.20795230567455292		0.27279505133628845		0.10870116949081421		0.0		0.0		0.0		1.8863389492034912		
0.0		0.0		0.0		0.0		0.0		0.0		0.0		0.0		0.0		0.0		0.0		0.12154348939657211		0.3963065445423126		0.1054052859544754		0.10870116949081421		0.0		0.0		0.0		1.8863389492034912		
0.0		0.0		0.0		0.0		0.0		0.0		0.0		0.0		0.0		0.0		0.0		0.12154348939657211		0.38476336002349854		0.2992134392261505		0.10870116949081421		0.0		0.0		0.0		1.8863389492034912		
0.0		0.0		0.0		0.0		0.0		0.0		0.0		0.0		0.0		0.0		0.0		0.12154348939657211		0.2869858741760254		0.19067220389842987		0.19152992963790894		0.0		0.0		0.0		1.8863389492034912		
0.0		0.0		0.0		0.0		0.0		0.0		0.0		0.0		0.0		0.0		0.0		0.15576010942459106		0.18299922347068787		0.2912980020046234		0.10870116949081421		0.0		0.0		0.0		1.8863389492034912		
0.0		0.0		0.0		0.0		0.0		0.0		0.0		0.0		0.0		0.0		0.0		0.23513111472129822		0.24315151572227478		0.05976897478103638		0.13050825893878937		0.0		0.0		0.0		1.8863389492034912		
0.0		0.0		0.0		0.0		0.0		0.0		0.0		0.0		0.0		0.0		0.0		0.12154348939657211		0.23044681549072266		0.4414624571800232		0.10870116949081421		0.0		0.0		0.0		1.8863389492034912		
0.0		0.0		0.0		0.0		0.0		0.0		0.0		0.0		0.0		0.0		0.0		0.12154348939657211		0.24670402705669403		0.06061600521206856		0.16572917997837067		0.0		0.0		0.0		1.8863389492034912		
0.0		0.0		0.0		0.0		0.0		0.0		0.0		0.0		0.0		0.0		0.0		0.12154348939657211		0.35782888531684875		0.27207285165786743		0.10870116949081421		0.0		0.0		0.0		1.8863389492034912		
0.0		0.0		0.0		0.0		0.0		0.0		0.0		0.0		0.0		0.0		0.0		0.12154348939657211		0.3856722116470337		0.17228327691555023		0.1928022801876068		0.0		0.0		0.0		1.8863389492034912		
0.0		0.0		0.0		0.0		0.0		0.0		0.0		0.0		0.0		0.0		0.0		0.12154348939657211		0.36804133653640747		0.29995352029800415		0.10870116949081421		0.0		0.0		0.0		1.8863389492034912		
0.0		0.0		0.0		0.0		0.0		0.0		0.0		0.0		0.0		0.0		0.0		0.12257139384746552		0.33443886041641235		0.13744699954986572		0.10870116949081421		0.0		0.0		0.0		1.8863389492034912		
0.0		0.0		0.0		0.0		0.0		0.0		0.0		0.0		0.0		0.0		0.0		0.12154348939657211		0.23612800240516663		0.2005331665277481		0.11159053444862366		0.0		0.0		0.0		1.8863389492034912		
0.0		0.0		0.0		0.0		0.0		0.0		0.0		0.0		0.0		0.0		0.0		0.12310700118541718		0.2058040201663971		0.35615459084510803		0.10870116949081421		0.0		0.0		0.0		1.8863389492034912		
0.0		0.0		0.0		0.0		0.0		0.0		0.0		0.0		0.0		0.0		0.0		0.23567675054073334		0.30887627601623535		0.05976897478103638		0.1402732878923416		0.0		0.0		0.0		1.8863389492034912		
0.0		0.0		0.0		0.0		0.0		0.0		0.0		0.0		0.0		0.0		0.0		0.1338540017604828		0.18299922347068787		0.4601191580295563		0.10870116949081421		0.0		0.0		0.0		1.8863389492034912		
0.0		0.0		0.0		0.0		0.0		0.0		0.0		0.0		0.0		0.0		0.0		0.17606133222579956		0.18299922347068787		0.17011038959026337		0.21091969311237335		0.0		0.0		0.0		1.8863389492034912		
0.0		0.0		0.0		0.0		0.0		0.0		0.0		0.0		0.0		0.0		0.0		0.20859381556510925		0.24174408614635468		0.20052814483642578		0.10870116949081421		0.0		0.0		0.0		1.8863389492034912		
0.0		0.0		0.0		0.0		0.0		0.0		0.0		0.0		0.0		0.0		0.0		0.12333803623914719		0.18514709174633026		0.3639477789402008		0.10870116949081421		0.0		0.0		0.0		1.8863389492034912		
0.0		0.0		0.0		0.0		0.0		0.0		0.0		0.0		0.0		0.0		0.0		0.1614716798067093		0.18393966555595398		0.12968124449253082		0.24630947411060333		0.0		0.0		0.0		1.8863389492034912		
0.0		0.0		0.0		0.0		0.0		0.0		0.0		0.0		0.0		0.0		0.0		0.16300998628139496		0.1993750035762787		0.31803658604621887		0.10870116949081421		0.0		0.0		0.0		1.8863389492034912		
0.0		0.0		0.0		0.0		0.0		0.0		0.0		0.0		0.0		0.0		0.0		0.12154348939657211		0.1955052614212036		0.25524288415908813		0.1347496509552002		0.0		0.0		0.0		1.8863389492034912		
0.0		0.0		0.0		0.0		0.0		0.0		0.0		0.0		0.0		0.0		0.0		0.16113819181919098		0.1844775229692459		0.09062088280916214		0.18411430716514587		0.0		0.0		0.0		1.8863389492034912		
0.0		0.0		0.0		0.0		0.0		0.0		0.0		0.0		0.0		0.0		0.0		0.15033602714538574		0.18324388563632965		0.3610152006149292		0.10870116949081421		0.0		0.0		0.0		1.8863389492034912		
0.0		0.0		0.0		0.0		0.0		0.0		0.0		0.0		0.0		0.0		0.0		0.12154348939657211		0.1882079541683197		0.2758461534976959		0.1913648098707199		0.0		0.0		0.0		1.8863389492034912		
0.0		0.0		0.0		0.0		0.0		0.0		0.0		0.0		0.0		0.0		0.0		0.20004139840602875		0.22795003652572632		0.060255199670791626		0.14769558608531952		0.0		0.0		0.0		1.8863389492034912		
0.0		0.0		0.0		0.0		0.0		0.0		0.0		0.0		0.0		0.0		0.0		0.1425095498561859		0.18299922347068787		0.4203416407108307		0.10870116949081421		0.0		0.0		0.0		1.8863389492034912		
0.0		0.0		0.0		0.0		0.0		0.0		0.0		0.0		0.0		0.0		0.0		0.1218586266040802		0.18520116806030273		0.2714086174964905		0.149002343416214		0.0		0.0		0.0		1.8863389492034912		
0.0		0.0		0.0		0.0		0.0		0.0		0.0		0.0		0.0		0.0		0.0		0.20957376062870026		0.31346067786216736		0.05976897478103638		0.17429077625274658		0.0		0.0		0.0		1.8863389492034912		
0.0		0.0		0.0		0.0		0.0		0.0		0.0		0.0		0.0		0.0		0.0		0.12154348939657211		0.2428842931985855		0.4407428503036499		0.10870116949081421		0.0		0.0		0.0		1.8863389492034912		
0.0		0.0		0.0		0.0		0.0		0.0		0.0		0.0		0.0		0.0		0.0		0.12154348939657211		0.26188308000564575		0.3213740885257721		0.10870116949081421		0.0		0.0		0.0		1.8863389492034912		
0.0		0.0		0.0		0.0		0.0		0.0		0.0		0.0		0.0		0.0		0.0		0.12319681793451309		0.34332749247550964		0.05976897478103638		0.21506057679653168		0.0		0.0		0.0		1.8863389492034912		
0.0		0.0		0.0		0.0		0.0		0.0		0.0		0.0		0.0		0.0		0.0		0.12154348939657211		0.3675711750984192		0.28830626606941223		0.14805451035499573		0.0		0.0		0.0		1.8863389492034912		
0.0		0.0		0.0		0.0		0.0		0.0		0.0		0.0		0.0		0.0		0.0		0.12154348939657211		0.33159661293029785		0.3646640181541443		0.10870116949081421		0.0		0.0		0.0		1.8863389492034912		
0.0		0.0		0.0		0.0		0.0		0.0		0.0		0.0		0.0		0.0		0.0		0.12154348939657211		0.32263487577438354		0.1679210215806961		0.11368526518344879		0.0		0.0		0.0		1.8863389492034912		
0.0		0.0		0.0		0.0		0.0		0.0		0.0		0.0		0.0		0.0		0.0		0.12154348939657211		0.2523992359638214		0.14190508425235748		0.30364060401916504		0.0		0.0		0.0		1.8863389492034912		
0.0		0.0		0.0		0.0		0.0		0.0		0.0		0.0		0.0		0.0		0.0		0.14812730252742767		0.24662622809410095		0.183060422539711		0.10996018350124359		0.0		0.0		0.0		1.9263026714324951		
0.0		0.0		0.0		0.0		0.0		0.0		0.0		0.0		0.0		0.0		0.0		0.12307457625865936		0.2502664029598236		0.5796488523483276		0.10996018350124359		0.0		0.0		0.0		1.928361415863037		
0.0		0.0		0.0		0.0		0.0		0.0		0.0		0.0		0.0		0.0		0.0		0.1517561972141266		0.22999070584774017		0.17342716455459595		0.10996018350124359		0.0		0.0		0.0		1.9333220720291138		
0.0		0.0		0.0		0.0		0.0		0.0		0.0		0.0		0.0		0.0		0.0		0.12307457625865936		0.24146057665348053		0.13286103308200836		0.29745984077453613		0.0		0.0		0.0		1.941085934638977		
0.0		0.0		0.0		0.0		0.0		0.0		0.0		0.0		0.0		0.0		0.0		0.12307457625865936		0.31499940156936646		0.1408887654542923		0.17187444865703583		0.0		0.0		0.0		1.951156735420227		
0.0		0.0		0.0		0.0		0.0		0.0		0.0		0.0		0.0		0.0		0.0		7.1616106033325195		20.560009002685547		13.026299476623535		17.38995933532715		0.0		0.0		0.0		1.9632775783538818		
0.0		0.0		0.0		0.0		0.0		0.0		0.0		0.0		0.0		0.0		0.0		6.494137763977051		10.327188491821289		5.987268924713135		17.38995933532715		0.0		4.984405517578125		0.0		1.9771990776062012		
0.0		0.0		0.0		0.0		0.0		0.0		0.0		0.0		0.0		0.0		0.0		21.376218795776367		21.157121658325195		18.728967666625977		17.38995933532715		0.0		21.294286727905273		0.0		1.9932523965835571		
0.0		0.0		0.0		0.0		0.0		0.0		0.0		0.0		0.0		0.0		0.0		16.648324966430664		16.500646591186523		16.739961624145508		17.38995933532715		0.0		16.743471145629883		0.0		2.0105509757995605		
0.0		0.0		0.0		0.0		0.0		0.0		0.0		0.0		0.0		0.0		0.0		17.869884490966797		17.800214767456055		17.780019760131836		17.38995933532715		0.0		17.782331466674805		0.0		2.029538154602051		
0.0		0.0		0.0		0.0		0.0		0.0		0.0		0.0		0.0		0.0		0.0		17.58759307861328		16.664134979248047		4.800771236419678		0.10996018350124359		0.0		17.762954711914062		0.0		2.0497610569000244		
0.0		0.0		0.0		0.0		0.0		0.0		0.0		0.0		0.0		0.0		0.0		0.12307457625865936		1.622204303741455		2.5631515979766846		4.675665855407715		0.0		0.0		0.0		2.070509195327759		
0.0		0.0		0.0		0.0		0.0		0.0		0.0		0.0		0.0		0.0		0.0		2.0365076065063477		3.8852450847625732		0.05999131128191948		2.6816506385803223		0.0		0.16885331273078918		0.0		2.093477487564087		
0.0		0.0		0.0		0.0		0.0		0.0		0.0		0.0		0.0		0.0		0.0		0.41821402311325073		0.2750134766101837		0.75682532787323		4.410938262939453		0.0		0.0		0.0		2.117680311203003		
0.0		0.0		0.0		0.0		0.0		0.0		0.0		0.0		0.0		0.0		0.0		0.34775078296661377		1.097606897354126		0.05999131128191948		1.7872285842895508		0.0		0.7765899300575256		0.0		2.143054246902466		
0.0		0.0		0.0		0.0		0.0		0.0		0.0		0.0		0.0		0.0		0.0		0.554636538028717		0.6087532043457031		1.031699776649475		0.31847938895225525		0.0		0.06273964047431946		0.0		2.169538736343384		
0.0		0.0		0.0		0.0		0.0		0.0		0.0		0.0		0.0		0.0		0.0		0.16593217849731445		0.23864872753620148		3.4303739070892334		0.10996018350124359		0.0		0.4555608332157135		0.0		2.1970763206481934		
0.0		0.0		0.0		0.0		0.0		0.0		0.0		0.0		0.0		0.0		0.0		0.12307457625865936		0.7691625952720642		3.1328043937683105		0.10996018350124359		0.0		0.164867103099823		0.0		2.2256109714508057		
0.0		0.0		0.0		0.0		0.0		0.0		0.0		0.0		0.0		0.0		0.0		0.12307457625865936		0.624737024307251		2.336596965789795		0.10996018350124359		0.0		0.14010457694530487		0.0		2.2550899982452393		
0.0		0.0		0.0		0.0		0.0		0.0		0.0		0.0		0.0		0.0		0.0		0.5212873220443726		0.659239649772644		0.31821295619010925		0.5347834229469299		0.0		0.3765789866447449		0.0		2.285461187362671		
0.0		0.0		0.0		0.0		0.0		0.0		0.0		0.0		0.0		0.0		0.0		0.4296802282333374		0.8927173614501953		0.05999131128191948		1.6197532415390015		0.0		0.15204468369483948		0.0		2.3166749477386475		
0.0		0.0		0.0		0.0		0.0		0.0		0.0		0.0		0.0		0.0		0.0		0.6058257818222046		0.5626290440559387		0.05999131128191948		1.8446811437606812		0.0		0.47920259833335876		0.0		2.3486831188201904		
0.0		0.0		0.0		0.0		0.0		0.0		0.0		0.0		0.0		0.0		0.0		0.6699224710464478		0.6690710783004761		0.05999131128191948		0.544517993927002		0.0		0.5219281911849976		0.0		2.381439208984375		
0.0		0.0		0.0		0.0		0.0		0.0		0.0		0.0		0.0		0.0		0.0		0.44024574756622314		0.18583230674266815		1.0651568174362183		0.10996018350124359		0.0		0.5422061681747437		0.0		2.4148976802825928		
0.0		0.0		0.0		0.0		0.0		0.0		0.0		0.0		0.0		0.0		0.0		0.3922218978404999		0.18583230674266815		1.7282816171646118		0.10996018350124359		0.0		0.5356866717338562		0.0		2.449014902114868		
0.0		0.0		0.0		0.0		0.0		0.0		0.0		0.0		0.0		0.0		0.0		0.29505088925361633		0.18728020787239075		1.1547720432281494		0.10996018350124359		0.0		0.40887969732284546		0.0		2.4837486743927		
0.0		0.0		0.0		0.0		0.0		0.0		0.0		0.0		0.0		0.0		0.0		0.3894081115722656		0.3975861370563507		0.22650551795959473		0.2917109727859497		0.0		0.39954710006713867		0.0		2.5190582275390625		
0.0		0.0		0.0		0.0		0.0		0.0		0.0		0.0		0.0		0.0		0.0		0.5187044739723206		0.6429480910301208		0.05999131128191948		0.8920882344245911		0.0		0.4086233675479889		0.0		2.554903507232666		
0.0		0.0		0.0		0.0		0.0		0.0		0.0		0.0		0.0		0.0		0.0		0.587007999420166		0.5914255380630493		0.05999131128191948		0.9284281730651855		0.0		0.47302111983299255		0.0		2.5912468433380127		
0.0		0.0		0.0		0.0		0.0		0.0		0.0		0.0		0.0		0.0		0.0		0.5753433108329773		0.4105719029903412		0.061439208686351776		0.3044421672821045		0.0		0.5339658856391907		0.0		2.6280510425567627		
0.0		0.0		0.0		0.0		0.0		0.0		0.0		0.0		0.0		0.0		0.0		0.4954613447189331		0.22926147282123566		0.6298516988754272		0.10996018350124359		0.0		0.5398610830307007		0.0		2.665280818939209		
0.0		0.0		0.0		0.0		0.0		0.0		0.0		0.0		0.0		0.0		0.0		0.4071572721004486		0.18583230674266815		0.9917802810668945		0.10996018350124359		0.0		0.4990420341491699		0.0		2.702901840209961		
0.0		0.0		0.0		0.0		0.0		0.0		0.0		0.0		0.0		0.0		0.0		0.38920310139656067		0.2319282740354538		0.6788607835769653		0.10996018350124359		0.0		0.4580792486667633		0.0		2.7408809661865234		
0.0		0.0		0.0		0.0		0.0		0.0		0.0		0.0		0.0		0.0		0.0		0.4345516264438629		0.40200725197792053		0.16763252019882202		0.19321094453334808		0.0		0.43024417757987976		0.0		2.779186725616455		
0.0		0.0		0.0		0.0		0.0		0.0		0.0		0.0		0.0		0.0		0.0		0.501766562461853		0.5140656232833862		0.05999131128191948		0.5297079682350159		0.0		0.43922340869903564		0.0		2.817789077758789		
0.0		0.0		0.0		0.0		0.0		0.0		0.0		0.0		0.0		0.0		0.0		0.5469335913658142		0.4932490885257721		0.05999131128191948		0.5186987519264221		0.0		0.48126012086868286		0.0		2.856658935546875		
0.0		0.0		0.0		0.0		0.0		0.0		0.0		0.0		0.0		0.0		0.0		0.5332289338111877		0.3798709511756897		0.12703664600849152		0.1906251162290573		0.0		0.511674165725708		0.0		2.895768165588379		
0.0		0.0		0.0		0.0		0.0		0.0		0.0		0.0		0.0		0.0		0.0		0.48010948300361633		0.2578945457935333		0.46997591853141785		0.10996018350124359		0.0		0.5132400393486023		0.0		2.9350907802581787		
0.0		0.0		0.0		0.0		0.0		0.0		0.0		0.0		0.0		0.0		0.0		0.4370851218700409		0.23371320962905884		0.6135275363922119		0.10996018350124359		0.0		0.489485502243042		0.0		2.9746012687683105		
0.0		0.0		0.0		0.0		0.0		0.0		0.0		0.0		0.0		0.0		0.0		0.4288341701030731		0.29780906438827515		0.41012755036354065		0.10996018350124359		0.0		0.46109074354171753		0.0		3.0142757892608643		
0.0		0.0		0.0		0.0		0.0		0.0		0.0		0.0		0.0		0.0		0.0		0.45960548520088196		0.39582395553588867		0.11592737585306168		0.1623336374759674		0.0		0.4510466158390045		0.0		3.054091453552246		
0.0		0.0		0.0		0.0		0.0		0.0		0.0		0.0		0.0		0.0		0.0		0.49780958890914917		0.45507797598838806		0.05999131128191948		0.3210153877735138		0.0		0.45928966999053955		0.0		3.094026803970337		
0.0		0.0		0.0		0.0		0.0		0.0		0.0		0.0		0.0		0.0		0.0		0.5178302526473999		0.42809343338012695		0.05999131128191948		0.29028141498565674		0.0		0.4827231168746948		0.0		3.134061574935913		
0.0		0.0		0.0		0.0		0.0		0.0		0.0		0.0		0.0		0.0		0.0		0.512884795665741		0.37274330854415894		0.12971046566963196		0.13715261220932007		0.0		0.49975335597991943		0.0		3.1741766929626465		
0.0		0.0		0.0		0.0		0.0		0.0		0.0		0.0		0.0		0.0		0.0		3.0166330337524414		12.047383308410645		16.455106735229492		17.38995933532715		0.0		1.1494802236557007		0.0		3.214745283126831		
0.0		0.0		0.0		0.0		0.0		0.0		0.0		0.0		0.0		0.0		0.0		21.055456161499023		20.765140533447266		17.768444061279297		17.38995933532715		0.0		21.154682159423828		0.0		3.2565431594848633		
0.0		0.0		0.0		0.0		0.0		0.0		0.0		0.0		0.0		0.0		0.0		16.297292709350586		16.29050064086914		17.50397300720215		17.38995933532715		0.0		16.338119506835938		0.0		3.296645402908325		
0.0		0.0		0.0		0.0		0.0		0.0		0.0		0.0		0.0		0.0		0.0		18.191133499145508		18.025732040405273		17.181791305541992		17.38995933532715		0.0		18.155685424804688		0.0		3.3371152877807617		
0.0		0.0		0.0		0.0		0.0		0.0		0.0		0.0		0.0		0.0		0.0		17.687772750854492		17.585481643676758		17.70313262939453		17.38995933532715		0.0		17.72513198852539		0.0		3.3771700859069824		
0.0		0.0		0.0		0.0		0.0		0.0		0.0		0.0		0.0		0.0		0.0		17.74090003967285		17.6104679107666		17.280324935913086		17.38995933532715		0.0		17.721799850463867		0.0		3.4175729751586914		
0.0		0.0		0.0		0.0		0.0		0.0		0.0		0.0		0.0		0.0		0.0		17.4439640045166		16.522504806518555		4.828836441040039		0.10996018350124359		0.0		17.59793472290039		0.0		3.457726240158081		
0.0		0.0		0.0		0.0		0.0		0.0		0.0		0.0		0.0		0.0		0.0		0.12307457625865936		1.6583970785140991		2.4713425636291504		4.639251232147217		0.0		0.0		0.0		3.496220111846924		
0.0		0.0		0.0		0.0		0.0		0.0		0.0		0.0		0.0		0.0		0.0		2.0644752979278564		3.811723232269287		0.05999131128191948		2.7417571544647217		0.0		0.17203816771507263		0.0		3.536379098892212		
0.0		0.0		0.0		0.0		0.0		0.0		0.0		0.0		0.0		0.0		0.0		0.4220336973667145		0.2654804587364197		0.7228463292121887		4.349968433380127		0.0		0.0		0.0		3.576486825942993		
0.0		0.0		0.0		0.0		0.0		0.0		0.0		0.0		0.0		0.0		0.0		0.33086737990379333		1.0640137195587158		0.05999131128191948		1.671627402305603		0.0		0.7690836787223816		0.0		3.6165361404418945		
0.0		0.0		0.0		0.0		0.0		0.0		0.0		0.0		0.0		0.0		0.0		0.5053424835205078		0.5432097315788269		1.132462978363037		0.2724326550960541		0.0		0.073060043156147		0.0		3.656520128250122		
0.0		0.0		0.0		0.0		0.0		0.0		0.0		0.0		0.0		0.0		0.0		0.16688546538352966		0.2331942766904831		3.5385003089904785		0.10996018350124359		0.0		0.45847558975219727		0.0		3.6964330673217773		
0.0		0.0		0.0		0.0		0.0		0.0		0.0		0.0		0.0		0.0		0.0		0.12307457625865936		0.6836946606636047		3.0857558250427246		0.10996018350124359		0.0		0.17566969990730286		0.0		3.7362701892852783		
0.0		0.0		0.0		0.0		0.0		0.0		0.0		0.0		0.0		0.0		0.0		0.12307457625865936		0.5857902765274048		2.119004726409912		0.10996018350124359		0.0		0.14280825853347778		0.0		3.7760276794433594		
0.0		0.0		0.0		0.0		0.0		0.0		0.0		0.0		0.0		0.0		0.0		0.5100612044334412		0.6752310395240784		0.24229800701141357		0.6430643200874329		0.0		0.37718239426612854		0.0		3.815701723098755		
0.0		0.0		0.0		0.0		0.0		0.0		0.0		0.0		0.0		0.0		0.0		0.45654046535491943		0.9126439690589905		0.05828294903039932		1.6881158351898193		0.0		0.16557595133781433		0.0		3.548222541809082		
0.0		0.0		0.0		0.0		0.0		0.0		0.0		0.0		0.0		0.0		0.0		0.5827122926712036		0.5013608336448669		0.05828294903039932		1.746044397354126		0.0		0.46556997299194336		0.0		3.58773136138916		
0.0		0.0		0.0		0.0		0.0		0.0		0.0		0.0		0.0		0.0		0.0		0.6267073750495911		0.5950356125831604		0.059828221797943115		0.43395328521728516		0.0		0.5031516551971436		0.0		3.6271941661834717		
0.0		0.0		0.0		0.0		0.0		0.0		0.0		0.0		0.0		0.0		0.0		0.39098891615867615		0.16406387090682983		1.139944076538086		0.10028637945652008		0.0		0.4975601136684418		0.0		3.6666107177734375		
0.0		0.0		0.0		0.0		0.0		0.0		0.0		0.0		0.0		0.0		0.0		0.3359840512275696		0.16406387090682983		1.7376601696014404		0.10028637945652008		0.0		0.48744210600852966		0.0		3.705981731414795		
0.0		0.0		0.0		0.0		0.0		0.0		0.0		0.0		0.0		0.0		0.0		0.258293092250824		0.16560915112495422		1.11259126663208		0.10028637945652008		0.0		0.3678717315196991		0.0		3.745309591293335		
0.0		0.0		0.0		0.0		0.0		0.0		0.0		0.0		0.0		0.0		0.0		0.3502126932144165		0.36492910981178284		0.20719920098781586		0.2951797842979431		0.0		0.3565492331981659		0.0		3.7845993041992188		
0.0		0.0		0.0		0.0		0.0		0.0		0.0		0.0		0.0		0.0		0.0		0.4697227478027344		0.598431408405304		0.05828294903039932		0.9031149744987488		0.0		0.36606255173683167		0.0		3.8238561153411865		
0.0		0.0		0.0		0.0		0.0		0.0		0.0		0.0		0.0		0.0		0.0		0.5483940243721008		0.5613657236099243		0.05828294903039932		0.9337030649185181		0.0		0.4341014623641968		0.0		3.8630855083465576		
0.0		0.0		0.0		0.0		0.0		0.0		0.0		0.0		0.0		0.0		0.0		0.5277890563011169		0.3933870494365692		0.05828294903039932		0.2969439625740051		0.0		0.47677698731422424		0.0		3.902294635772705		
0.0		0.0		0.0		0.0		0.0		0.0		0.0		0.0		0.0		0.0		0.0		0.443268358707428		0.19184908270835876		0.6314782500267029		0.10028637945652008		0.0		0.49594512581825256		0.0		3.941490888595581		
0.0		0.0		0.0		0.0		0.0		0.0		0.0		0.0		0.0		0.0		0.0		0.36939871311187744		0.16406387090682983		0.9817833304405212		0.10028637945652008		0.0		0.45720237493515015		0.0		3.9806816577911377		
0.0		0.0		0.0		0.0		0.0		0.0		0.0		0.0		0.0		0.0		0.0		0.34400808811187744		0.20441967248916626		0.6739708185195923		0.10028637945652008		0.0		0.4101314842700958		0.0		4.019876003265381		
0.0		0.0		0.0		0.0		0.0		0.0		0.0		0.0		0.0		0.0		0.0		0.3828888237476349		0.34615379571914673		0.16593918204307556		0.17401449382305145		0.0		0.38634198904037476		0.0		4.059082984924316		
0.0		0.0		0.0		0.0		0.0		0.0		0.0		0.0		0.0		0.0		0.0		20.413652420043945		19.86262321472168		19.064903259277344		17.380287170410156		0.0		20.701231002807617		0.0		4.100165843963623		
0.0		0.0		0.0		0.0		0.0		0.0		0.0		0.0		0.0		0.0		0.0		17.71664047241211		17.52050018310547		17.6393985748291		17.380287170410156		0.0		17.818758010864258		0.0		4.1392903327941895		
0.0		0.0		0.0		0.0		0.0		0.0		0.0		0.0		0.0		0.0		0.0		17.262014389038086		17.13825035095215		16.853355407714844		17.380287170410156		0.0		17.246179580688477		0.0		4.17862606048584		
0.0		0.0		0.0		0.0		0.0		0.0		0.0		0.0		0.0		0.0		0.0		18.01154136657715		17.92991828918457		17.87529945373535		17.380287170410156		0.0		17.994102478027344		0.0		4.217920303344727		
0.0		0.0		0.0		0.0		0.0		0.0		0.0		0.0		0.0		0.0		0.0		17.624103546142578		17.47510528564453		17.12267303466797		17.380287170410156		0.0		17.646352767944336		0.0		4.257297992706299		
0.0		0.0		0.0		0.0		0.0		0.0		0.0		0.0		0.0		0.0		0.0		17.704923629760742		17.6256160736084		17.657711029052734		17.380287170410156		0.0		17.687171936035156		0.0		4.297033786773682		
0.0		0.0		0.0		0.0		0.0		0.0		0.0		0.0		0.0		0.0		0.0		16.109405517578125		14.322345733642578		0.05828294903039932		1.595779538154602		0.0		16.565322875976562		0.0		4.336452007293701		
0.0		0.0		0.0		0.0		0.0		0.0		0.0		0.0		0.0		0.0		0.0		0.11131022870540619		0.3826442062854767		1.6449053287506104		6.91714334487915		0.0		0.0		0.0		4.3756561279296875		
0.0		0.0		0.0		0.0		0.0		0.0		0.0		0.0		0.0		0.0		0.0		0.978177547454834		3.2651782035827637		0.05828294903039932		3.0433952808380127		0.0		0.6040712594985962		0.0		4.415483474731445		
0.0		0.0		0.0		0.0		0.0		0.0		0.0		0.0		0.0		0.0		0.0		0.8686213493347168		0.16406387090682983		0.4155619144439697		2.497006893157959		0.0		0.0		0.0		4.455445766448975		
0.0		0.0		0.0		0.0		0.0		0.0		0.0		0.0		0.0		0.0		0.0		0.11375683546066284		0.23653866350650787		1.120029330253601		0.2565872073173523		0.0		0.521634042263031		0.0		4.49555778503418		
0.0		0.0		0.0		0.0		0.0		0.0		0.0		0.0		0.0		0.0		0.0		0.1409837007522583		0.9096885323524475		3.1283514499664307		0.10028637945652008		0.0		0.04982452094554901		0.0		4.535836696624756		
0.0		0.0		0.0		0.0		0.0		0.0		0.0		0.0		0.0		0.0		0.0		0.11131022870540619		0.4872094392776489		4.599548816680908		0.10028637945652008		0.0		0.27184879779815674		0.0		4.576297760009766		
0.0		0.0		0.0		0.0		0.0		0.0		0.0		0.0		0.0		0.0		0.0		0.24505853652954102		0.8106101751327515		2.4313406944274902		0.10028637945652008		0.0		0.106301449239254		0.0		4.616958141326904		
0.0		0.0		0.0		0.0		0.0		0.0		0.0		0.0		0.0		0.0		0.0		0.11131022870540619		0.527607798576355		0.60532146692276		0.3571297824382782		0.0		0.0352259986102581		0.0		4.657835960388184		
0.0		0.0		0.0		0.0		0.0		0.0		0.0		0.0		0.0		0.0		0.0		0.5467143654823303		0.7665985822677612		0.05828294903039932		1.6192072629928589		0.0		0.37588003277778625		0.0		4.698948860168457		
0.0		0.0		0.0		0.0		0.0		0.0		0.0		0.0		0.0		0.0		0.0		0.60990971326828		1.0876281261444092		0.05828294903039932		2.006920576095581		0.0		0.17817322909832		0.0		4.740315914154053		
0.0		0.0		0.0		0.0		0.0		0.0		0.0		0.0		0.0		0.0		0.0		0.5399434566497803		0.24276801943778992		0.05828294903039932		1.3377491235733032		0.0		0.48413026332855225		0.0		4.781957149505615		
0.0		0.0		0.0		0.0		0.0		0.0		0.0		0.0		0.0		0.0		0.0		0.5408395528793335		0.39217644929885864		0.7023611664772034		0.14230915904045105		0.0		0.5264394879341125		0.0		4.823891639709473		
0.0		0.0		0.0		0.0		0.0		0.0		0.0		0.0		0.0		0.0		0.0		0.2565692961215973		0.16406387090682983		1.9630273580551147		0.10028637945652008		0.0		0.445509672164917		0.0		4.866140842437744		
0.0		0.0		0.0		0.0		0.0		0.0		0.0		0.0		0.0		0.0		0.0		0.2917100489139557		0.16406387090682983		1.691133737564087		0.10028637945652008		0.0		0.43529003858566284		0.0		4.908725738525391		
0.0		0.0		0.0		0.0		0.0		0.0		0.0		0.0		0.0		0.0		0.0		0.26888513565063477		0.28962603211402893		0.5374071598052979		0.10028637945652008		0.0		0.3163332939147949		0.0		4.951669216156006		
0.0		0.0		0.0		0.0		0.0		0.0		0.0		0.0		0.0		0.0		0.0		0.41214537620544434		0.510406494140625		0.05828294903039932		0.7577535510063171		0.0		0.35174620151519775		0.0		4.994994163513184		
0.0		0.0		0.0		0.0		0.0		0.0		0.0		0.0		0.0		0.0		0.0		0.5467151999473572		0.6810959577560425		0.05828294903039932		1.136725664138794		0.0		0.39460358023643494		0.0		5.038724422454834		
0.0		0.0		0.0		0.0		0.0		0.0		0.0		0.0		0.0		0.0		0.0		0.5504837036132812		0.4770263135433197		0.05828294903039932		0.7301266193389893		0.0		0.4599606692790985		0.0		5.082883834838867		
0.0		0.0		0.0		0.0		0.0		0.0		0.0		0.0		0.0		0.0		0.0		19.31284523010254		18.812381744384766		17.716903686523438		17.380287170410156		0.0		17.98162269592285		0.0		5.128003120422363		
0.0		0.0		0.0		0.0		0.0		0.0		0.0		0.0		0.0		0.0		0.0		18.082672119140625		17.941165924072266		18.267223358154297		17.380287170410156		0.0		18.196796417236328		0.0		5.173351764678955		
0.0		0.0		0.0		0.0		0.0		0.0		0.0		0.0		0.0		0.0		0.0		17.158578872680664		17.009044647216797		16.54850196838379		17.380287170410156		0.0		17.1283016204834		0.0		5.218696594238281		
0.0		0.0		0.0		0.0		0.0		0.0		0.0		0.0		0.0		0.0		0.0		17.996593475341797		17.927568435668945		18.041419982910156		17.380287170410156		0.0		17.993600845336914		0.0		5.26509952545166		
0.0		0.0		0.0		0.0		0.0		0.0		0.0		0.0		0.0		0.0		0.0		17.657669067382812		17.5073184967041		17.059906005859375		17.380287170410156		0.0		17.66558837890625		0.0		5.311733722686768		
0.0		0.0		0.0		0.0		0.0		0.0		0.0		0.0		0.0		0.0		0.0		17.680397033691406		17.599884033203125		17.67630386352539		17.380287170410156		0.0		17.674270629882812		0.0		5.358887195587158		
0.0		0.0		0.0		0.0		0.0		0.0		0.0		0.0		0.0		0.0		0.0		17.762420654296875		17.630582809448242		17.286556243896484		17.380287170410156		0.0		17.76479721069336		0.0		5.407166004180908		
0.0		0.0		0.0		0.0		0.0		0.0		0.0		0.0		0.0		0.0		0.0		7.12349796295166		1.7741694450378418		1.3108590841293335		0.10028637945652008		0.0		8.389389991760254		0.0		5.455350875854492		
0.0		0.0		0.0		0.0		0.0		0.0		0.0		0.0		0.0		0.0		0.0		0.11131022870540619		0.7852203845977783		4.400049209594727		0.10028637945652008		0.0		0.0		0.0		5.501070499420166		
0.0		0.0		0.0		0.0		0.0		0.0		0.0		0.0		0.0		0.0		0.0		0.44634002447128296		0.1641446202993393		5.69334077835083		0.10028637945652008		0.0		0.39414912462234497		0.0		5.551044940948486		
0.0		0.0		0.0		0.0		0.0		0.0		0.0		0.0		0.0		0.0		0.0		0.11131022870540619		1.8430850505828857		4.511219024658203		0.10028637945652008		0.0		0.0		0.0		5.601783752441406		
0.0		0.0		0.0		0.0		0.0		0.0		0.0		0.0		0.0		0.0		0.0		0.11131022870540619		1.0079834461212158		3.7125179767608643		0.11801942437887192		0.0		0.12470866739749908		0.0		5.653326034545898		
0.0		0.0		0.0		0.0		0.0		0.0		0.0		0.0		0.0		0.0		0.0		0.9786950945854187		1.7854548692703247		0.2958630323410034		0.1497078835964203		0.0		0.03332356736063957		0.0		5.705711364746094		
0.0		0.0		0.0		0.0		0.0		0.0		0.0		0.0		0.0		0.0		0.0		0.12082947045564651		0.37179136276245117		0.06064881011843681		2.540205717086792		0.0		0.0		0.0		5.758980751037598		
0.0		0.0		0.0		0.0		0.0		0.0		0.0		0.0		0.0		0.0		0.0		0.6659523844718933		0.858963131904602		0.05828294903039932		2.697968006134033		0.0		0.5248556137084961		0.0		5.813178062438965		
0.0		0.0		0.0		0.0		0.0		0.0		0.0		0.0		0.0		0.0		0.0		0.6986666917800903		1.0803320407867432		0.05836368724703789		1.3409687280654907		0.0		0.19898557662963867		0.0		5.868348598480225		
0.0		0.0		0.0		0.0		0.0		0.0		0.0		0.0		0.0		0.0		0.0		0.3652329444885254		0.16406387090682983		0.694197416305542		0.10028637945652008		0.0		0.5036057233810425		0.0		5.924539089202881		
0.0		0.0		0.0		0.0		0.0		0.0		0.0		0.0		0.0		0.0		0.0		0.365875244140625		0.22047416865825653		2.030163049697876		0.10028637945652008		0.0		0.4737856984138489		0.0		5.981799125671387		
0.0		0.0		0.0		0.0		0.0		0.0		0.0		0.0		0.0		0.0		0.0		0.11131022870540619		0.23303095996379852		2.4788591861724854		0.10028637945652008		0.0		0.31279483437538147		0.0		6.0401811599731445		
0.0		0.0		0.0		0.0		0.0		0.0		0.0		0.0		0.0		0.0		0.0		0.28875109553337097		0.17109790444374084		0.8897333145141602		0.10618012398481369		0.0		0.37583228945732117		0.0		6.099738597869873		
0.0		0.0		0.0		0.0		0.0		0.0		0.0		0.0		0.0		0.0		0.0		0.36130815744400024		0.6035487055778503		0.058253463357686996		0.66819167137146		0.0		0.24498294293880463		0.0		6.155229568481445		
0.0		0.0		0.0		0.0		0.0		0.0		0.0		0.0		0.0		0.0		0.0		0.5040167570114136		0.6290460824966431		0.05738947167992592		1.4519294500350952		0.0		0.37103471159935		0.0		6.062014579772949		
0.0		0.0		0.0		0.0		0.0		0.0		0.0		0.0		0.0		0.0		0.0		15.434638023376465		15.911952018737793		16.3942813873291		17.375226974487305		0.0		15.94930362701416		0.0		5.914625644683838		
0.0		0.0		0.0		0.0		0.0		0.0		0.0		0.0		0.0		0.0		0.0		18.91156005859375		18.797677993774414		18.623207092285156		17.375226974487305		0.0		19.142356872558594		0.0		5.766399383544922		
0.0		0.0		0.0		0.0		0.0		0.0		0.0		0.0		0.0		0.0		0.0		16.765060424804688		16.716110229492188		16.819244384765625		17.375226974487305		0.0		16.65794563293457		0.0		5.626501560211182		
0.0		0.0		0.0		0.0		0.0		0.0		0.0		0.0		0.0		0.0		0.0		18.06686019897461		17.94013214111328		17.737356185913086		17.375226974487305		0.0		18.100122451782227		0.0		5.492944717407227		
0.0		0.0		0.0		0.0		0.0		0.0		0.0		0.0		0.0		0.0		0.0		17.601390838623047		17.508441925048828		17.359006881713867		17.375226974487305		0.0		17.58621597290039		0.0		5.363379001617432		
0.0		0.0		0.0		0.0		0.0		0.0		0.0		0.0		0.0		0.0		0.0		17.68604850769043		17.57077407836914		17.411087036132812		17.375226974487305		0.0		17.700197219848633		0.0		5.241349220275879		
0.0		0.0		0.0		0.0		0.0		0.0		0.0		0.0		0.0		0.0		0.0		17.706466674804688		17.610828399658203		17.484031677246094		17.375226974487305		0.0		17.69405174255371		0.0		5.123867988586426		
0.0		0.0		0.0		0.0		0.0		0.0		0.0		0.0		0.0		0.0		0.0		15.324057579040527		13.114322662353516		0.05738947167992592		2.956479549407959		0.0		15.858774185180664		0.0		5.0107927322387695		
0.0		0.0		0.0		0.0		0.0		0.0		0.0		0.0		0.0		0.0		0.0		0.3298887312412262		0.2061585783958435		1.4710603952407837		6.788201808929443		0.0		0.0		0.0		4.909982681274414		
0.0		0.0		0.0		0.0		0.0		0.0		0.0		0.0		0.0		0.0		0.0		0.597894549369812		2.809535026550293		0.05738947167992592		2.5213546752929688		0.0		0.6531839370727539		0.0		4.8060173988342285		
0.0		0.0		0.0		0.0		0.0		0.0		0.0		0.0		0.0		0.0		0.0		0.7897449135780334		0.15267892181873322		0.5288423895835876		1.5225164890289307		0.0		0.0		0.0		4.706262588500977		
0.0		0.0		0.0		0.0		0.0		0.0		0.0		0.0		0.0		0.0		0.0		0.14528457820415497		0.15267892181873322		2.0903613567352295		0.09522695094347		0.0		0.43869343400001526		0.0		4.610501766204834		
0.0		0.0		0.0		0.0		0.0		0.0		0.0		0.0		0.0		0.0		0.0		0.10515744239091873		1.1136994361877441		3.535393476486206		0.09522695094347		0.0		0.029669437557458878		0.0		4.518532752990723		
0.0		0.0		0.0		0.0		0.0		0.0		0.0		0.0		0.0		0.0		0.0		0.10515744239091873		0.5946296453475952		4.424560546875		0.09522695094347		0.0		0.20134969055652618		0.0		4.430165767669678		
0.0		0.0		0.0		0.0		0.0		0.0		0.0		0.0		0.0		0.0		0.0		0.3452111482620239		0.9262006878852844		1.9234434366226196		0.09522695094347		0.0		0.09220033884048462		0.0		4.345221519470215		
0.0		0.0		0.0		0.0		0.0		0.0		0.0		0.0		0.0		0.0		0.0		0.10515744239091873		0.5090652704238892		0.3680723309516907		0.7114046812057495		0.0		0.01809711754322052		0.0		4.263533592224121		
0.0		0.0		0.0		0.0		0.0		0.0		0.0		0.0		0.0		0.0		0.0		0.566098153591156		0.7344586849212646		0.05738947167992592		1.9139219522476196		0.0		0.40886390209198		0.0		4.184943675994873		
0.0		0.0		0.0		0.0		0.0		0.0		0.0		0.0		0.0		0.0		0.0		0.6437352895736694		1.0775784254074097		0.05738947167992592		1.823954701423645		0.0		0.18093301355838776		0.0		4.109303951263428		
0.0		0.0		0.0		0.0		0.0		0.0		0.0		0.0		0.0		0.0		0.0		0.4635423421859741		0.16479937732219696		0.16204239428043365		0.979428231716156		0.0		0.46379098296165466		0.0		4.036474704742432		
0.0		0.0		0.0		0.0		0.0		0.0		0.0		0.0		0.0		0.0		0.0		0.47597581148147583		0.32658883929252625		0.9852200746536255		0.09522695094347		0.0		0.4939430356025696		0.0		3.966325283050537		
0.0		0.0		0.0		0.0		0.0		0.0		0.0		0.0		0.0		0.0		0.0		0.18297837674617767		0.15267892181873322		2.0340147018432617		0.09522695094347		0.0		0.394037663936615		0.0		3.8987314701080322		
0.0		0.0		0.0		0.0		0.0		0.0		0.0		0.0		0.0		0.0		0.0		0.2678942382335663		0.15267892181873322		1.496247410774231		0.09522695094347		0.0		0.40375441312789917		0.0		3.8335766792297363		
0.0		0.0		0.0		0.0		0.0		0.0		0.0		0.0		0.0		0.0		0.0		0.26773521304130554		0.32827651500701904		0.39498966932296753		0.1921558976173401		0.0		0.2843061089515686		0.0		3.7707505226135254		
0.0		0.0		0.0		0.0		0.0		0.0		0.0		0.0		0.0		0.0		0.0		0.41154858469963074		0.5127056837081909		0.05738947167992592		0.8834967613220215		0.0		0.33630645275115967		0.0		3.7101492881774902		
0.0		0.0		0.0		0.0		0.0		0.0		0.0		0.0		0.0		0.0		0.0		0.535921037197113		0.6462917327880859		0.05738947167992592		1.0949945449829102		0.0		0.3862854540348053		0.0		3.651674509048462		
0.0		0.0		0.0		0.0		0.0		0.0		0.0		0.0		0.0		0.0		0.0		0.5177619457244873		0.4124493896961212		0.05738947167992592		0.5667712688446045		0.0		0.44616153836250305		0.0		3.59523344039917		
0.0		0.0		0.0		0.0		0.0		0.0		0.0		0.0		0.0		0.0		0.0		0.45315176248550415		0.21727192401885986		0.46707603335380554		0.09522695094347		0.0		0.48105108737945557		0.0		3.540738105773926		
0.0		0.0		0.0		0.0		0.0		0.0		0.0		0.0		0.0		0.0		0.0		0.35118570923805237		0.15267892181873322		1.0471737384796143		0.09522695094347		0.0		0.44328126311302185		0.0		3.488105297088623		
0.0		0.0		0.0		0.0		0.0		0.0		0.0		0.0		0.0		0.0		0.0		7.319969654083252		13.96633243560791		13.787412643432617		17.375226974487305		0.0		3.2778608798980713		0.0		3.43721079826355		
0.0		0.0		0.0		0.0		0.0		0.0		0.0		0.0		0.0		0.0		0.0		20.721820831298828		20.354888916015625		17.72391128540039		17.375226974487305		0.0		20.83273696899414		0.0		3.3849000930786133		
0.0		0.0		0.0		0.0		0.0		0.0		0.0		0.0		0.0		0.0		0.0		16.27843475341797		16.330013275146484		17.608667373657227		17.375226974487305		0.0		16.293729782104492		0.0		3.3374433517456055		
0.0		0.0		0.0		0.0		0.0		0.0		0.0		0.0		0.0		0.0		0.0		18.137346267700195		17.97256851196289		17.078481674194336		17.375226974487305		0.0		18.12308120727539		0.0		3.2917234897613525		
0.0		0.0		0.0		0.0		0.0		0.0		0.0		0.0		0.0		0.0		0.0		17.593414306640625		17.52120018005371		17.759735107421875		17.375226974487305		0.0		17.617938995361328		0.0		3.2473814487457275		
0.0		0.0		0.0		0.0		0.0		0.0		0.0		0.0		0.0		0.0		0.0		17.696622848510742		17.5731143951416		17.1939640045166		17.375226974487305		0.0		17.685853958129883		0.0		3.204348087310791		
0.0		0.0		0.0		0.0		0.0		0.0		0.0		0.0		0.0		0.0		0.0		16.552318572998047		15.04094409942627		0.26520153880119324		0.14854635298252106		0.0		16.916366577148438		0.0		3.1630022525787354		
0.0		0.0		0.0		0.0		0.0		0.0		0.0		0.0		0.0		0.0		0.0		0.10515744239091873		0.7783705592155457		1.9300158023834229		6.273120880126953		0.0		0.0		0.0		3.124988079071045		
0.0		0.0		0.0		0.0		0.0		0.0		0.0		0.0		0.0		0.0		0.0		1.3218891620635986		3.4690492153167725		0.05738947167992592		2.9671473503112793		0.0		0.44191718101501465		0.0		3.086040496826172		
0.0		0.0		0.0		0.0		0.0		0.0		0.0		0.0		0.0		0.0		0.0		0.7419951558113098		0.15267892181873322		0.5140805244445801		3.1435694694519043		0.0		0.0		0.0		3.0483274459838867		
0.0		0.0		0.0		0.0		0.0		0.0		0.0		0.0		0.0		0.0		0.0		0.10760404169559479		0.4539128839969635		0.628739058971405		0.6648733615875244		0.0		0.5819098353385925		0.0		3.0118024349212646		
0.0		0.0		0.0		0.0		0.0		0.0		0.0		0.0		0.0		0.0		0.0		0.2356465756893158		0.754439115524292		2.402437448501587		0.09522695094347		0.0		0.030932048335671425		0.0		2.9764208793640137		
0.0		0.0		0.0		0.0		0.0		0.0		0.0		0.0		0.0		0.0		0.0		0.10515744239091873		0.3888651132583618		4.299253940582275		0.09522695094347		0.0		0.2842930257320404		0.0		2.9421403408050537		
0.0		0.0		0.0		0.0		0.0		0.0		0.0		0.0		0.0		0.0		0.0		0.17383217811584473		0.873076319694519		2.802462100982666		0.09522695094347		0.0		0.0848315879702568		0.0		2.908921241760254		
0.0		0.0		0.0		0.0		0.0		0.0		0.0		0.0		0.0		0.0		0.0		0.10515744239091873		0.6143772006034851		1.3734209537506104		0.1873028427362442		0.0		0.047458842396736145		0.0		2.8767247200012207		
0.0		0.0		0.0		0.0		0.0		0.0		0.0		0.0		0.0		0.0		0.0		0.5708601474761963		0.7160599827766418		0.05738947167992592		1.051941990852356		0.0		0.3434801399707794		0.0		2.8455147743225098		
0.0		0.0		0.0		0.0		0.0		0.0		0.0		0.0		0.0		0.0		0.0		0.4963947534561157		0.9855387806892395		0.05738947167992592		1.8681153059005737		0.0		0.10833146423101425		0.0		2.8152565956115723		
0.0		0.0		0.0		0.0		0.0		0.0		0.0		0.0		0.0		0.0		0.0		0.504479169845581		0.2977409064769745		0.05738947167992592		1.6381922960281372		0.0		0.44334858655929565		0.0		2.785917282104492		
0.0		0.0		0.0		0.0		0.0		0.0		0.0		0.0		0.0		0.0		0.0		0.5598368048667908		0.5631749033927917		0.3697098195552826		0.29829683899879456		0.0		0.4630969762802124		0.0		2.7574658393859863		
0.0		0.0		0.0		0.0		0.0		0.0		0.0		0.0		0.0		0.0		0.0		0.2818766236305237		0.15267892181873322		1.53457510471344		0.09522695094347		0.0		0.4365637004375458		0.0		2.729872226715088		
0.0		0.0		0.0		0.0		0.0		0.0		0.0		0.0		0.0		0.0		0.0		0.29833507537841797		0.15267892181873322		1.7616037130355835		0.09522695094347		0.0		0.44518086314201355		0.0		2.703108310699463		
0.0		0.0		0.0		0.0		0.0		0.0		0.0		0.0		0.0		0.0		0.0		0.21908169984817505		0.20061595737934113		0.9474353194236755		0.09522695094347		0.0		0.31079795956611633		0.0		2.677147388458252		
0.0		0.0		0.0		0.0		0.0		0.0		0.0		0.0		0.0		0.0		0.0		0.34572160243988037		0.3848075866699219		0.09900655597448349		0.40717920660972595		0.0		0.33345022797584534		0.0		2.651963949203491		
0.0		0.0		0.0		0.0		0.0		0.0		0.0		0.0		0.0		0.0		0.0		0.4820842742919922		0.6345745325088501		0.05738947167992592		0.998317301273346		0.0		0.34971582889556885		0.0		2.6275346279144287		
0.0		0.0		0.0		0.0		0.0		0.0		0.0		0.0		0.0		0.0		0.0		0.5211030840873718		0.5099170207977295		0.05738947167992592		0.8939303159713745		0.0		0.4143270254135132		0.0		2.60383677482605		
0.0		0.0		0.0		0.0		0.0		0.0		0.0		0.0		0.0		0.0		0.0		0.49984508752822876		0.33125433325767517		0.16650323569774628		0.26713478565216064		0.0		0.47121572494506836		0.0		2.5808498859405518		
0.0		0.0		0.0		0.0		0.0		0.0		0.0		0.0		0.0		0.0		0.0		0.4005938470363617		0.16735607385635376		0.7501512765884399		0.09522695094347		0.0		0.4601656496524811		0.0		2.5585548877716064		
0.0		0.0		0.0		0.0		0.0		0.0		0.0		0.0		0.0		0.0		0.0		0.33078157901763916		0.15267892181873322		1.0064345598220825		0.09522695094347		0.0		0.42631176114082336		0.0		2.5369348526000977		
0.0		0.0		0.0		0.0		0.0		0.0		0.0		0.0		0.0		0.0		0.0		0.3269979953765869		0.20964199304580688		0.5972592234611511		0.09522695094347		0.0		0.38151082396507263		0.0		2.5159761905670166		
0.0		0.0		0.0		0.0		0.0		0.0		0.0		0.0		0.0		0.0		0.0		0.3721618354320526		0.36398565769195557		0.12147294729948044		0.23230931162834167		0.0		0.36062249541282654		0.0		2.495669364929199		
