0.0		0.0		0.0		0.0		0.0		0.0		0.0		0.0		0.0		0.0		0.0		0.12154348939657211		0.18299922347068787		0.05976897478103638		0.10870116949081421		0.0		0.0		0.0		1.8863389492034912		
0.0		0.0		0.0		0.0		0.0		0.0		0.0		0.0		0.0		0.0		0.0		0.12154348939657211		0.18299922347068787		0.05976897478103638		0.10870116949081421		0.0		0.0		0.0		1.8863389492034912		
0.0		0.0		0.0		0.0		0.0		0.0		0.0		0.0		0.0		0.0		0.0		0.12154348939657211		0.18299922347068787		0.05976897478103638		0.10870116949081421		0.0		0.0		0.0		1.8863389492034912		
0.0		0.0		0.0		0.0		0.0		0.0		0.0		0.0		0.0		0.0		0.0		0.12154348939657211		0.18299922347068787		0.05976897478103638		0.10870116949081421		0.0		0.0		0.0		1.8863389492034912		
0.0		0.0		0.0		0.0		0.0		0.0		0.0		0.0		0.0		0.0		0.0		0.12154348939657211		0.18299922347068787		0.05976897478103638		0.10870116949081421		0.0		0.0		0.0		1.8863389492034912		
0.0		0.0		0.0		0.0		0.0		0.0		0.0		0.0		0.0		0.0		0.0		0.12154348939657211		0.18299922347068787		0.05976897478103638		0.10870116949081421		0.0		0.0		0.0		1.8863389492034912		
0.0		0.0		0.0		0.0		0.0		0.0		0.0		0.0		0.0		0.0		0.0		0.12154348939657211		0.18299922347068787		0.05976897478103638		0.10870116949081421		0.0		0.0		0.0		1.8863389492034912		
0.0		0.0		0.0		0.0		0.0		0.0		0.0		0.0		0.0		0.0		0.0		0.12154348939657211		0.18299922347068787		0.05976897478103638		0.10870116949081421		0.0		0.0		0.0		1.8863389492034912		
0.0		0.0		0.0		0.0		0.0		0.0		0.0		0.0		0.0		0.0		0.0		0.12154348939657211		0.18299922347068787		0.05976897478103638		0.10870116949081421		0.0		0.0		0.0		1.8863389492034912		
0.0		0.0		0.0		0.0		0.0		0.0		0.0		0.0		0.0		0.0		0.0		0.12154348939657211		0.18299922347068787		0.05976897478103638		0.10870116949081421		0.0		0.0		0.0		1.8863389492034912		
0.0		0.0		0.0		0.0		0.0		0.0		0.0		0.0		0.0		0.0		0.0		0.12154348939657211		0.18299922347068787		0.05976897478103638		0.10870116949081421		0.0		0.0		0.0		1.8863389492034912		
0.0		0.0		0.0		0.0		0.0		0.0		0.0		0.0		0.0		0.0		0.0		0.12154348939657211		0.18299922347068787		0.05976897478103638		0.10870116949081421		0.0		0.0		0.0		1.8863389492034912		
0.0		0.0		0.0		0.0		0.0		0.0		0.0		0.0		0.0		0.0		0.0		0.12154348939657211		0.18299922347068787		0.05976897478103638		0.10870116949081421		0.0		0.0		0.0		1.8863389492034912		
0.0		0.0		0.0		0.0		0.0		0.0		0.0		0.0		0.0		0.0		0.0		0.12154348939657211		0.18299922347068787		0.05976897478103638		0.10870116949081421		0.0		0.0		0.0		1.8863389492034912		
0.0		0.0		0.0		0.0		0.0		0.0		0.0		0.0		0.0		0.0		0.0		0.12154348939657211		0.18299922347068787		0.05976897478103638		0.10870116949081421		0.0		0.0		0.0		1.8863389492034912		
0.0		0.0		0.0		0.0		0.0		0.0		0.0		0.0		0.0		0.0		0.0		0.12154348939657211		0.18299922347068787		0.05976897478103638		0.10870116949081421		0.0		0.0		0.0		1.8863389492034912		
0.0		0.0		0.0		0.0		0.0		0.0		0.0		0.0		0.0		0.0		0.0		0.12154348939657211		0.18299922347068787		0.05976897478103638		0.10870116949081421		0.0		0.0		0.0		1.8863389492034912		
0.0		0.0		0.0		0.0		0.0		0.0		0.0		0.0		0.0		0.0		0.0		0.12154348939657211		0.18299922347068787		0.05976897478103638		0.10870116949081421		0.0		0.0		0.0		1.8863389492034912		
0.0		0.0		0.0		0.0		0.0		0.0		0.0		0.0		0.0		0.0		0.0		0.12154348939657211		0.18299922347068787		0.05976897478103638		0.10870116949081421		0.0		0.0		0.0		1.8863389492034912		
0.0		0.0		0.0		0.0		0.0		0.0		0.0		0.0		0.0		0.0		0.0		0.12154348939657211		0.18299922347068787		0.05976897478103638		0.10870116949081421		0.0		0.0		0.0		1.8863389492034912		
0.0		0.0		0.0		0.0		0.0		0.0		0.0		0.0		0.0		0.0		0.0		0.12154348939657211		0.18299922347068787		0.05976897478103638		0.10870116949081421		0.0		0.0		0.0		1.8863389492034912		
0.0		0.0		0.0		0.0		0.0		0.0		0.0		0.0		0.0		0.0		0.0		0.12154348939657211		0.18299922347068787		0.05976897478103638		0.10870116949081421		0.0		0.0		0.0		1.8863389492034912		
0.0		0.0		0.0		0.0		0.0		0.0		0.0		0.0		0.0		0.0		0.0		0.12154348939657211		0.18299922347068787		0.05976897478103638		0.10870116949081421		0.0		0.0		0.0		1.8863389492034912		
0.0		0.0		0.0		0.0		0.0		0.0		0.0		0.0		0.0		0.0		0.0		0.12154348939657211		0.18299922347068787		0.05976897478103638		0.10870116949081421		0.0		0.0		0.0		1.8863389492034912		
0.0		0.0		0.0		0.0		0.0		0.0		0.0		0.0		0.0		0.0		0.0		0.12154348939657211		0.18299922347068787		0.05976897478103638		0.10870116949081421		0.0		0.0		0.0		1.8863389492034912		
0.0		0.0		0.0		0.0		0.0		0.0		0.0		0.0		0.0		0.0		0.0		0.12154348939657211		0.18299922347068787		0.05976897478103638		0.10870116949081421		0.0		0.0		0.0		1.8863389492034912		
0.0		0.0		0.0		0.0		0.0		0.0		0.0		0.0		0.0		0.0		0.0		0.12154348939657211		0.18299922347068787		0.05976897478103638		0.10870116949081421		0.0		0.0		0.0		1.8863389492034912		
0.0		0.0		0.0		0.0		0.0		0.0		0.0		0.0		0.0		0.0		0.0		0.12154348939657211		0.18299922347068787		0.05976897478103638		0.10870116949081421		0.0		0.0		0.0		1.8863389492034912		
0.0		0.0		0.0		0.0		0.0		0.0		0.0		0.0		0.0		0.0		0.0		0.12154348939657211		0.18299922347068787		0.05976897478103638		0.10870116949081421		0.0		0.0		0.0		1.8863389492034912		
0.0		0.0		0.0		0.0		0.0		0.0		0.0		0.0		0.0		0.0		0.0		0.12154348939657211		0.18299922347068787		0.05976897478103638		0.10870116949081421		0.0		0.0		0.0		1.8863389492034912		
0.0		0.0		0.0		0.0		0.0		0.0		0.0		0.0		0.0		0.0		0.0		0.12154348939657211		0.18299922347068787		0.05976897478103638		0.10870116949081421		0.0		0.0		0.0		1.8863389492034912		
0.0		0.0		0.0		0.0		0.0		0.0		0.0		0.0		0.0		0.0		0.0		0.12154348939657211		0.18299922347068787		0.05976897478103638		0.10870116949081421		0.0		0.0		0.0		1.8863389492034912		
0.0		0.0		0.0		0.0		0.0		0.0		0.0		0.0		0.0		0.0		0.0		0.12154348939657211		0.18299922347068787		0.05976897478103638		0.10870116949081421		0.0		0.0		0.0		1.8863389492034912		
0.0		0.0		0.0		0.0		0.0		0.0		0.0		0.0		0.0		0.0		0.0		0.12154348939657211		0.18299922347068787		0.05976897478103638		0.10870116949081421		0.0		0.0		0.0		1.8863389492034912		
0.0		0.0		0.0		0.0		0.0		0.0		0.0		0.0		0.0		0.0		0.0		0.12154348939657211		0.18299922347068787		0.05976897478103638		0.10870116949081421		0.0		0.0		0.0		1.8863389492034912		
0.0		0.0		0.0		0.0		0.0		0.0		0.0		0.0		0.0		0.0		0.0		0.12154348939657211		0.18299922347068787		0.05976897478103638		0.10870116949081421		0.0		0.0		0.0		1.8863389492034912		
0.0		0.0		0.0		0.0		0.0		0.0		0.0		0.0		0.0		0.0		0.0		0.12154348939657211		0.18299922347068787		0.05976897478103638		0.10870116949081421		0.0		0.0		0.0		1.8863389492034912		
0.0		0.0		0.0		0.0		0.0		0.0		0.0		0.0		0.0		0.0		0.0		0.12154348939657211		0.18299922347068787		0.05976897478103638		0.10870116949081421		0.0		0.0		0.0		1.8863389492034912		
0.0		0.0		0.0		0.0		0.0		0.0		0.0		0.0		0.0		0.0		0.0		0.12154348939657211		0.18299922347068787		0.05976897478103638		0.10870116949081421		0.0		0.0		0.0		1.8863389492034912		
0.0		0.0		0.0		0.0		0.0		0.0		0.0		0.0		0.0		0.0		0.0		0.12154348939657211		0.18299922347068787		0.05976897478103638		0.10870116949081421		0.0		0.0		0.0		1.8863389492034912		
0.0		0.0		0.0		0.0		0.0		0.0		0.0		0.0		0.0		0.0		0.0		0.12154348939657211		0.18299922347068787		0.05976897478103638		0.10870116949081421		0.0		0.0		0.0		1.8863389492034912		
0.0		0.0		0.0		0.0		0.0		0.0		0.0		0.0		0.0		0.0		0.0		0.12154348939657211		0.18299922347068787		0.05976897478103638		0.10870116949081421		0.0		0.0		0.0		1.8863389492034912		
0.0		0.0		0.0		0.0		0.0		0.0		0.0		0.0		0.0		0.0		0.0		0.12154348939657211		0.18299922347068787		0.05976897478103638		0.10870116949081421		0.0		0.0		0.0		1.8863389492034912		
0.0		0.0		0.0		0.0		0.0		0.0		0.0		0.0		0.0		0.0		0.0		0.12154348939657211		0.18299922347068787		0.05976897478103638		0.10870116949081421		0.0		0.0		0.0		1.8863389492034912		
0.0		0.0		0.0		0.0		0.0		0.0		0.0		0.0		0.0		0.0		0.0		0.12154348939657211		0.18299922347068787		0.05976897478103638		0.10870116949081421		0.0		0.0		0.0		1.8863389492034912		
0.0		0.0		0.0		0.0		0.0		0.0		0.0		0.0		0.0		0.0		0.0		0.12154348939657211		0.18299922347068787		0.05976897478103638		0.10870116949081421		0.0		0.0		0.0		1.8863389492034912		
0.0		0.0		0.0		0.0		0.0		0.0		0.0		0.0		0.0		0.0		0.0		0.12154348939657211		0.18299922347068787		0.05976897478103638		0.10870116949081421		0.0		0.0		0.0		1.8863389492034912		
0.0		0.0		0.0		0.0		0.0		0.0		0.0		0.0		0.0		0.0		0.0		0.12154348939657211		0.18299922347068787		0.05976897478103638		0.10870116949081421		0.0		0.0		0.0		1.8863389492034912		
0.0		0.0		0.0		0.0		0.0		0.0		0.0		0.0		0.0		0.0		0.0		0.12154348939657211		0.18299922347068787		0.05976897478103638		0.10870116949081421		0.0		0.0		0.0		1.8863389492034912		
0.0		0.0		0.0		0.0		0.0		0.0		0.0		0.0		0.0		0.0		0.0		0.12154348939657211		0.18299922347068787		0.05976897478103638		0.10870116949081421		0.0		0.0		0.0		1.8863389492034912		
0.0		0.0		0.0		0.0		0.0		0.0		0.0		0.0		0.0		0.0		0.0		0.12154348939657211		0.18299922347068787		0.05976897478103638		0.10870116949081421		0.0		0.0		0.0		1.8863389492034912		
0.0		0.0		0.0		0.0		0.0		0.0		0.0		0.0		0.0		0.0		0.0		0.12154348939657211		0.18299922347068787		0.05976897478103638		0.10870116949081421		0.0		0.0		0.0		1.8863389492034912		
0.0		0.0		0.0		0.0		0.0		0.0		0.0		0.0		0.0		0.0		0.0		0.12154348939657211		0.18299922347068787		0.05976897478103638		0.10870116949081421		0.0		0.0		0.0		1.8863389492034912		
0.0		0.0		0.0		0.0		0.0		0.0		0.0		0.0		0.0		0.0		0.0		0.12154348939657211		0.18299922347068787		0.05976897478103638		0.10870116949081421		0.0		0.0		0.0		1.8863389492034912		
0.0		0.0		0.0		0.0		0.0		0.0		0.0		0.0		0.0		0.0		0.0		0.12154348939657211		0.18299922347068787		0.05976897478103638		0.10870116949081421		0.0		0.0		0.0		1.8863389492034912		
0.0		0.0		0.0		0.0		0.0		0.0		0.0		0.0		0.0		0.0		0.0		0.12154348939657211		0.18299922347068787		0.05976897478103638		0.10870116949081421		0.0		0.0		0.0		1.8863389492034912		
0.0		0.0		0.0		0.0		0.0		0.0		0.0		0.0		0.0		0.0		0.0		0.12154348939657211		0.18299922347068787		0.05976897478103638		0.10870116949081421		0.0		0.0		0.0		1.8863389492034912		
0.0		0.0		0.0		0.0		0.0		0.0		0.0		0.0		0.0		0.0		0.0		0.12154348939657211		0.18299922347068787		0.05976897478103638		0.10870116949081421		0.0		0.0		0.0		1.8863389492034912		
0.0		0.0		0.0		0.0		0.0		0.0		0.0		0.0		0.0		0.0		0.0		0.12154348939657211		0.18299922347068787		0.05976897478103638		0.10870116949081421		0.0		0.0		0.0		1.8863389492034912		
0.0		0.0		0.0		0.0		0.0		0.0		0.0		0.0		0.0		0.0		0.0		0.12154348939657211		0.18299922347068787		0.05976897478103638		0.10870116949081421		0.0		0.0		0.0		1.8863389492034912		
0.0		0.0		0.0		0.0		0.0		0.0		0.0		0.0		0.0		0.0		0.0		0.12307457625865936		0.18583230674266815		0.05999131128191948		0.10996018350124359		0.0		0.0		0.0		1.9263026714324951		
0.0		0.0		0.0		0.0		0.0		0.0		0.0		0.0		0.0		0.0		0.0		0.12307457625865936		0.18583230674266815		0.05999131128191948		0.10996018350124359		0.0		0.0		0.0		1.928361415863037		
0.0		0.0		0.0		0.0		0.0		0.0		0.0		0.0		0.0		0.0		0.0		0.12307457625865936		0.18583230674266815		0.05999131128191948		0.10996018350124359		0.0		0.0		0.0		1.9333220720291138		
0.0		0.0		0.0		0.0		0.0		0.0		0.0		0.0		0.0		0.0		0.0		0.12307457625865936		0.18583230674266815		0.05999131128191948		0.10996018350124359		0.0		0.0		0.0		1.941085934638977		
0.0		0.0		0.0		0.0		0.0		0.0		0.0		0.0		0.0		0.0		0.0		0.12307457625865936		0.18583230674266815		0.05999131128191948		0.10996018350124359		0.0		0.0		0.0		1.951156735420227		
0.0		0.0		0.0		0.0		0.0		0.0		0.0		0.0		0.0		0.0		0.0		0.12307457625865936		0.18583230674266815		0.05999131128191948		0.10996018350124359		0.0		0.0		0.0		1.9632775783538818		
0.0		0.0		0.0		0.0		0.0		0.0		0.0		0.0		0.0		0.0		0.0		0.12307457625865936		0.18583230674266815		0.05999131128191948		0.10996018350124359		0.0		0.0		0.0		1.9771990776062012		
0.0		0.0		0.0		0.0		0.0		0.0		0.0		0.0		0.0		0.0		0.0		0.12307457625865936		0.18583230674266815		0.05999131128191948		0.10996018350124359		0.0		0.0		0.0		1.9932523965835571		
0.0		0.0		0.0		0.0		0.0		0.0		0.0		0.0		0.0		0.0		0.0		0.12307457625865936		0.18583230674266815		0.05999131128191948		0.10996018350124359		0.0		0.0		0.0		2.0105509757995605		
0.0		0.0		0.0		0.0		0.0		0.0		0.0		0.0		0.0		0.0		0.0		0.12307457625865936		0.18583230674266815		0.05999131128191948		0.10996018350124359		0.0		0.0		0.0		2.029538154602051		
0.0		0.0		0.0		0.0		0.0		0.0		0.0		0.0		0.0		0.0		0.0		0.12307457625865936		0.18583230674266815		0.05999131128191948		0.10996018350124359		0.0		0.0		0.0		2.0497610569000244		
0.0		0.0		0.0		0.0		0.0		0.0		0.0		0.0		0.0		0.0		0.0		0.12307457625865936		0.18583230674266815		0.05999131128191948		0.10996018350124359		0.0		0.0		0.0		2.070509195327759		
0.0		0.0		0.0		0.0		0.0		0.0		0.0		0.0		0.0		0.0		0.0		0.12307457625865936		0.18583230674266815		0.05999131128191948		0.10996018350124359		0.0		0.0		0.0		2.093477487564087		
0.0		0.0		0.0		0.0		0.0		0.0		0.0		0.0		0.0		0.0		0.0		0.12307457625865936		0.18583230674266815		0.05999131128191948		0.10996018350124359		0.0		0.0		0.0		2.117680311203003		
0.0		0.0		0.0		0.0		0.0		0.0		0.0		0.0		0.0		0.0		0.0		0.12307457625865936		0.18583230674266815		0.05999131128191948		0.10996018350124359		0.0		0.0		0.0		2.143054246902466		
0.0		0.0		0.0		0.0		0.0		0.0		0.0		0.0		0.0		0.0		0.0		0.12307457625865936		0.18583230674266815		0.05999131128191948		0.10996018350124359		0.0		0.0		0.0		2.169538736343384		
0.0		0.0		0.0		0.0		0.0		0.0		0.0		0.0		0.0		0.0		0.0		0.12307457625865936		0.18583230674266815		0.05999131128191948		0.10996018350124359		0.0		0.0		0.0		2.1970763206481934		
0.0		0.0		0.0		0.0		0.0		0.0		0.0		0.0		0.0		0.0		0.0		0.12307457625865936		0.18583230674266815		0.05999131128191948		0.10996018350124359		0.0		0.0		0.0		2.2256109714508057		
0.0		0.0		0.0		0.0		0.0		0.0		0.0		0.0		0.0		0.0		0.0		0.12307457625865936		0.18583230674266815		0.05999131128191948		0.10996018350124359		0.0		0.0		0.0		2.2550899982452393		
0.0		0.0		0.0		0.0		0.0		0.0		0.0		0.0		0.0		0.0		0.0		0.12307457625865936		0.18583230674266815		0.05999131128191948		0.10996018350124359		0.0		0.0		0.0		2.285461187362671		
0.0		0.0		0.0		0.0		0.0		0.0		0.0		0.0		0.0		0.0		0.0		0.12307457625865936		0.18583230674266815		0.05999131128191948		0.10996018350124359		0.0		0.0		0.0		2.3166749477386475		
0.0		0.0		0.0		0.0		0.0		0.0		0.0		0.0		0.0		0.0		0.0		0.12307457625865936		0.18583230674266815		0.05999131128191948		0.10996018350124359		0.0		0.0		0.0		2.3486831188201904		
0.0		0.0		0.0		0.0		0.0		0.0		0.0		0.0		0.0		0.0		0.0		0.12307457625865936		0.18583230674266815		0.05999131128191948		0.10996018350124359		0.0		0.0		0.0		2.381439208984375		
0.0		0.0		0.0		0.0		0.0		0.0		0.0		0.0		0.0		0.0		0.0		0.12307457625865936		0.18583230674266815		0.05999131128191948		0.10996018350124359		0.0		0.0		0.0		2.4148976802825928		
0.0		0.0		0.0		0.0		0.0		0.0		0.0		0.0		0.0		0.0		0.0		0.12307457625865936		0.18583230674266815		0.05999131128191948		0.10996018350124359		0.0		0.0		0.0		2.449014902114868		
0.0		0.0		0.0		0.0		0.0		0.0		0.0		0.0		0.0		0.0		0.0		0.12307457625865936		0.18583230674266815		0.05999131128191948		0.10996018350124359		0.0		0.0		0.0		2.4837486743927		
0.0		0.0		0.0		0.0		0.0		0.0		0.0		0.0		0.0		0.0		0.0		0.12307457625865936		0.18583230674266815		0.05999131128191948		0.10996018350124359		0.0		0.0		0.0		2.5190582275390625		
0.0		0.0		0.0		0.0		0.0		0.0		0.0		0.0		0.0		0.0		0.0		0.12307457625865936		0.18583230674266815		0.05999131128191948		0.10996018350124359		0.0		0.0		0.0		2.554903507232666		
0.0		0.0		0.0		0.0		0.0		0.0		0.0		0.0		0.0		0.0		0.0		0.12307457625865936		0.18583230674266815		0.05999131128191948		0.10996018350124359		0.0		0.0		0.0		2.5912468433380127		
0.0		0.0		0.0		0.0		0.0		0.0		0.0		0.0		0.0		0.0		0.0		0.12307457625865936		0.18583230674266815		0.05999131128191948		0.10996018350124359		0.0		0.0		0.0		2.6280510425567627		
0.0		0.0		0.0		0.0		0.0		0.0		0.0		0.0		0.0		0.0		0.0		0.12307457625865936		0.18583230674266815		0.05999131128191948		0.10996018350124359		0.0		0.0		0.0		2.665280818939209		
0.0		0.0		0.0		0.0		0.0		0.0		0.0		0.0		0.0		0.0		0.0		0.12307457625865936		0.18583230674266815		0.05999131128191948		0.10996018350124359		0.0		0.0		0.0		2.702901840209961		
0.0		0.0		0.0		0.0		0.0		0.0		0.0		0.0		0.0		0.0		0.0		0.12307457625865936		0.18583230674266815		0.05999131128191948		0.10996018350124359		0.0		0.0		0.0		2.7408809661865234		
0.0		0.0		0.0		0.0		0.0		0.0		0.0		0.0		0.0		0.0		0.0		0.12307457625865936		0.18583230674266815		0.05999131128191948		0.10996018350124359		0.0		0.0		0.0		2.779186725616455		
0.0		0.0		0.0		0.0		0.0		0.0		0.0		0.0		0.0		0.0		0.0		0.12307457625865936		0.18583230674266815		0.05999131128191948		0.10996018350124359		0.0		0.0		0.0		2.817789077758789		
0.0		0.0		0.0		0.0		0.0		0.0		0.0		0.0		0.0		0.0		0.0		0.12307457625865936		0.18583230674266815		0.05999131128191948		0.10996018350124359		0.0		0.0		0.0		2.856658935546875		
0.0		0.0		0.0		0.0		0.0		0.0		0.0		0.0		0.0		0.0		0.0		0.12307457625865936		0.18583230674266815		0.05999131128191948		0.10996018350124359		0.0		0.0		0.0		2.895768165588379		
0.0		0.0		0.0		0.0		0.0		0.0		0.0		0.0		0.0		0.0		0.0		0.12307457625865936		0.18583230674266815		0.05999131128191948		0.10996018350124359		0.0		0.0		0.0		2.9350907802581787		
0.0		0.0		0.0		0.0		0.0		0.0		0.0		0.0		0.0		0.0		0.0		0.12307457625865936		0.18583230674266815		0.05999131128191948		0.10996018350124359		0.0		0.0		0.0		2.9746012687683105		
0.0		0.0		0.0		0.0		0.0		0.0		0.0		0.0		0.0		0.0		0.0		0.12307457625865936		0.18583230674266815		0.05999131128191948		0.10996018350124359		0.0		0.0		0.0		3.0142757892608643		
0.0		0.0		0.0		0.0		0.0		0.0		0.0		0.0		0.0		0.0		0.0		0.12307457625865936		0.18583230674266815		0.05999131128191948		0.10996018350124359		0.0		0.0		0.0		3.054091453552246		
0.0		0.0		0.0		0.0		0.0		0.0		0.0		0.0		0.0		0.0		0.0		0.12307457625865936		0.18583230674266815		0.05999131128191948		0.10996018350124359		0.0		0.0		0.0		3.094026803970337		
0.0		0.0		0.0		0.0		0.0		0.0		0.0		0.0		0.0		0.0		0.0		0.12307457625865936		0.18583230674266815		0.05999131128191948		0.10996018350124359		0.0		0.0		0.0		3.134061574935913		
0.0		0.0		0.0		0.0		0.0		0.0		0.0		0.0		0.0		0.0		0.0		0.12307457625865936		0.18583230674266815		0.05999131128191948		0.10996018350124359		0.0		0.0		0.0		3.1741766929626465		
0.0		0.0		0.0		0.0		0.0		0.0		0.0		0.0		0.0		0.0		0.0		0.12307457625865936		0.18583230674266815		0.05999131128191948		0.10996018350124359		0.0		0.0		0.0		3.214745283126831		
0.0		0.0		0.0		0.0		0.0		0.0		0.0		0.0		0.0		0.0		0.0		0.12307457625865936		0.18583230674266815		0.05999131128191948		0.10996018350124359		0.0		0.0		0.0		3.2565431594848633		
0.0		0.0		0.0		0.0		0.0		0.0		0.0		0.0		0.0		0.0		0.0		0.12307457625865936		0.18583230674266815		0.05999131128191948		0.10996018350124359		0.0		0.0		0.0		3.296645402908325		
0.0		0.0		0.0		0.0		0.0		0.0		0.0		0.0		0.0		0.0		0.0		0.12307457625865936		0.18583230674266815		0.05999131128191948		0.10996018350124359		0.0		0.0		0.0		3.3371152877807617		
0.0		0.0		0.0		0.0		0.0		0.0		0.0		0.0		0.0		0.0		0.0		0.12307457625865936		0.18583230674266815		0.05999131128191948		0.10996018350124359		0.0		0.0		0.0		3.3771700859069824		
0.0		0.0		0.0		0.0		0.0		0.0		0.0		0.0		0.0		0.0		0.0		0.12307457625865936		0.18583230674266815		0.05999131128191948		0.10996018350124359		0.0		0.0		0.0		3.4175729751586914		
0.0		0.0		0.0		0.0		0.0		0.0		0.0		0.0		0.0		0.0		0.0		0.12307457625865936		0.18583230674266815		0.05999131128191948		0.10996018350124359		0.0		0.0		0.0		3.457726240158081		
0.0		0.0		0.0		0.0		0.0		0.0		0.0		0.0		0.0		0.0		0.0		0.12307457625865936		0.18583230674266815		0.05999131128191948		0.10996018350124359		0.0		0.0		0.0		3.496220111846924		
0.0		0.0		0.0		0.0		0.0		0.0		0.0		0.0		0.0		0.0		0.0		0.12307457625865936		0.18583230674266815		0.05999131128191948		0.10996018350124359		0.0		0.0		0.0		3.536379098892212		
0.0		0.0		0.0		0.0		0.0		0.0		0.0		0.0		0.0		0.0		0.0		0.12307457625865936		0.18583230674266815		0.05999131128191948		0.10996018350124359		0.0		0.0		0.0		3.576486825942993		
0.0		0.0		0.0		0.0		0.0		0.0		0.0		0.0		0.0		0.0		0.0		0.12307457625865936		0.18583230674266815		0.05999131128191948		0.10996018350124359		0.0		0.0		0.0		3.6165361404418945		
0.0		0.0		0.0		0.0		0.0		0.0		0.0		0.0		0.0		0.0		0.0		0.12307457625865936		0.18583230674266815		0.05999131128191948		0.10996018350124359		0.0		0.0		0.0		3.656520128250122		
0.0		0.0		0.0		0.0		0.0		0.0		0.0		0.0		0.0		0.0		0.0		0.12307457625865936		0.18583230674266815		0.05999131128191948		0.10996018350124359		0.0		0.0		0.0		3.6964330673217773		
0.0		0.0		0.0		0.0		0.0		0.0		0.0		0.0		0.0		0.0		0.0		0.12307457625865936		0.18583230674266815		0.05999131128191948		0.10996018350124359		0.0		0.0		0.0		3.7362701892852783		
0.0		0.0		0.0		0.0		0.0		0.0		0.0		0.0		0.0		0.0		0.0		0.12307457625865936		0.18583230674266815		0.05999131128191948		0.10996018350124359		0.0		0.0		0.0		3.7760276794433594		
0.0		0.0		0.0		0.0		0.0		0.0		0.0		0.0		0.0		0.0		0.0		0.12307457625865936		0.18583230674266815		0.05999131128191948		0.10996018350124359		0.0		0.0		0.0		3.815701723098755		
0.0		0.0		0.0		0.0		0.0		0.0		0.0		0.0		0.0		0.0		0.0		0.11131022870540619		0.16406387090682983		0.05828294903039932		0.10028637945652008		0.0		0.0		0.0		3.548222541809082		
0.0		0.0		0.0		0.0		0.0		0.0		0.0		0.0		0.0		0.0		0.0		0.11131022870540619		0.16406387090682983		0.05828294903039932		0.10028637945652008		0.0		0.0		0.0		3.58773136138916		
0.0		0.0		0.0		0.0		0.0		0.0		0.0		0.0		0.0		0.0		0.0		0.11131022870540619		0.16406387090682983		0.05828294903039932		0.10028637945652008		0.0		0.0		0.0		3.6271941661834717		
0.0		0.0		0.0		0.0		0.0		0.0		0.0		0.0		0.0		0.0		0.0		0.11131022870540619		0.16406387090682983		0.05828294903039932		0.10028637945652008		0.0		0.0		0.0		3.6666107177734375		
0.0		0.0		0.0		0.0		0.0		0.0		0.0		0.0		0.0		0.0		0.0		0.11131022870540619		0.16406387090682983		0.05828294903039932		0.10028637945652008		0.0		0.0		0.0		3.705981731414795		
0.0		0.0		0.0		0.0		0.0		0.0		0.0		0.0		0.0		0.0		0.0		0.11131022870540619		0.16406387090682983		0.05828294903039932		0.10028637945652008		0.0		0.0		0.0		3.745309591293335		
0.0		0.0		0.0		0.0		0.0		0.0		0.0		0.0		0.0		0.0		0.0		0.11131022870540619		0.16406387090682983		0.05828294903039932		0.10028637945652008		0.0		0.0		0.0		3.7845993041992188		
0.0		0.0		0.0		0.0		0.0		0.0		0.0		0.0		0.0		0.0		0.0		0.11131022870540619		0.16406387090682983		0.05828294903039932		0.10028637945652008		0.0		0.0		0.0		3.8238561153411865		
0.0		0.0		0.0		0.0		0.0		0.0		0.0		0.0		0.0		0.0		0.0		0.11131022870540619		0.16406387090682983		0.05828294903039932		0.10028637945652008		0.0		0.0		0.0		3.8630855083465576		
0.0		0.0		0.0		0.0		0.0		0.0		0.0		0.0		0.0		0.0		0.0		0.11131022870540619		0.16406387090682983		0.05828294903039932		0.10028637945652008		0.0		0.0		0.0		3.902294635772705		
0.0		0.0		0.0		0.0		0.0		0.0		0.0		0.0		0.0		0.0		0.0		0.11131022870540619		0.16406387090682983		0.05828294903039932		0.10028637945652008		0.0		0.0		0.0		3.941490888595581		
0.0		0.0		0.0		0.0		0.0		0.0		0.0		0.0		0.0		0.0		0.0		0.11131022870540619		0.16406387090682983		0.05828294903039932		0.10028637945652008		0.0		0.0		0.0		3.9806816577911377		
0.0		0.0		0.0		0.0		0.0		0.0		0.0		0.0		0.0		0.0		0.0		0.11131022870540619		0.16406387090682983		0.05828294903039932		0.10028637945652008		0.0		0.0		0.0		4.019876003265381		
0.0		0.0		0.0		0.0		0.0		0.0		0.0		0.0		0.0		0.0		0.0		0.11131022870540619		0.16406387090682983		0.05828294903039932		0.10028637945652008		0.0		0.0		0.0		4.059082984924316		
0.0		0.0		0.0		0.0		0.0		0.0		0.0		0.0		0.0		0.0		0.0		0.11131022870540619		0.16406387090682983		0.05828294903039932		0.10028637945652008		0.0		0.0		0.0		4.100165843963623		
0.0		0.0		0.0		0.0		0.0		0.0		0.0		0.0		0.0		0.0		0.0		0.11131022870540619		0.16406387090682983		0.05828294903039932		0.10028637945652008		0.0		0.0		0.0		4.1392903327941895		
0.0		0.0		0.0		0.0		0.0		0.0		0.0		0.0		0.0		0.0		0.0		0.11131022870540619		0.16406387090682983		0.05828294903039932		0.10028637945652008		0.0		0.0		0.0		4.17862606048584		
0.0		0.0		0.0		0.0		0.0		0.0		0.0		0.0		0.0		0.0		0.0		0.11131022870540619		0.16406387090682983		0.05828294903039932		0.10028637945652008		0.0		0.0		0.0		4.217920303344727		
0.0		0.0		0.0		0.0		0.0		0.0		0.0		0.0		0.0		0.0		0.0		0.11131022870540619		0.16406387090682983		0.05828294903039932		0.10028637945652008		0.0		0.0		0.0		4.257297992706299		
0.0		0.0		0.0		0.0		0.0		0.0		0.0		0.0		0.0		0.0		0.0		0.11131022870540619		0.16406387090682983		0.05828294903039932		0.10028637945652008		0.0		0.0		0.0		4.297033786773682		
0.0		0.0		0.0		0.0		0.0		0.0		0.0		0.0		0.0		0.0		0.0		0.11131022870540619		0.16406387090682983		0.05828294903039932		0.10028637945652008		0.0		0.0		0.0		4.336452007293701		
0.0		0.0		0.0		0.0		0.0		0.0		0.0		0.0		0.0		0.0		0.0		0.11131022870540619		0.16406387090682983		0.05828294903039932		0.10028637945652008		0.0		0.0		0.0		4.3756561279296875		
0.0		0.0		0.0		0.0		0.0		0.0		0.0		0.0		0.0		0.0		0.0		0.11131022870540619		0.16406387090682983		0.05828294903039932		0.10028637945652008		0.0		0.0		0.0		4.415483474731445		
0.0		0.0		0.0		0.0		0.0		0.0		0.0		0.0		0.0		0.0		0.0		0.11131022870540619		0.16406387090682983		0.05828294903039932		0.10028637945652008		0.0		0.0		0.0		4.455445766448975		
0.0		0.0		0.0		0.0		0.0		0.0		0.0		0.0		0.0		0.0		0.0		0.11131022870540619		0.16406387090682983		0.05828294903039932		0.10028637945652008		0.0		0.0		0.0		4.49555778503418		
0.0		0.0		0.0		0.0		0.0		0.0		0.0		0.0		0.0		0.0		0.0		0.11131022870540619		0.16406387090682983		0.05828294903039932		0.10028637945652008		0.0		0.0		0.0		4.535836696624756		
0.0		0.0		0.0		0.0		0.0		0.0		0.0		0.0		0.0		0.0		0.0		0.11131022870540619		0.16406387090682983		0.05828294903039932		0.10028637945652008		0.0		0.0		0.0		4.576297760009766		
0.0		0.0		0.0		0.0		0.0		0.0		0.0		0.0		0.0		0.0		0.0		0.11131022870540619		0.16406387090682983		0.05828294903039932		0.10028637945652008		0.0		0.0		0.0		4.616958141326904		
0.0		0.0		0.0		0.0		0.0		0.0		0.0		0.0		0.0		0.0		0.0		0.11131022870540619		0.16406387090682983		0.05828294903039932		0.10028637945652008		0.0		0.0		0.0		4.657835960388184		
0.0		0.0		0.0		0.0		0.0		0.0		0.0		0.0		0.0		0.0		0.0		0.11131022870540619		0.16406387090682983		0.05828294903039932		0.10028637945652008		0.0		0.0		0.0		4.698948860168457		
0.0		0.0		0.0		0.0		0.0		0.0		0.0		0.0		0.0		0.0		0.0		0.11131022870540619		0.16406387090682983		0.05828294903039932		0.10028637945652008		0.0		0.0		0.0		4.740315914154053		
0.0		0.0		0.0		0.0		0.0		0.0		0.0		0.0		0.0		0.0		0.0		0.11131022870540619		0.16406387090682983		0.05828294903039932		0.10028637945652008		0.0		0.0		0.0		4.781957149505615		
0.0		0.0		0.0		0.0		0.0		0.0		0.0		0.0		0.0		0.0		0.0		0.11131022870540619		0.16406387090682983		0.05828294903039932		0.10028637945652008		0.0		0.0		0.0		4.823891639709473		
0.0		0.0		0.0		0.0		0.0		0.0		0.0		0.0		0.0		0.0		0.0		0.11131022870540619		0.16406387090682983		0.05828294903039932		0.10028637945652008		0.0		0.0		0.0		4.866140842437744		
0.0		0.0		0.0		0.0		0.0		0.0		0.0		0.0		0.0		0.0		0.0		0.11131022870540619		0.16406387090682983		0.05828294903039932		0.10028637945652008		0.0		0.0		0.0		4.908725738525391		
0.0		0.0		0.0		0.0		0.0		0.0		0.0		0.0		0.0		0.0		0.0		0.11131022870540619		0.16406387090682983		0.05828294903039932		0.10028637945652008		0.0		0.0		0.0		4.951669216156006		
0.0		0.0		0.0		0.0		0.0		0.0		0.0		0.0		0.0		0.0		0.0		0.11131022870540619		0.16406387090682983		0.05828294903039932		0.10028637945652008		0.0		0.0		0.0		4.994994163513184		
0.0		0.0		0.0		0.0		0.0		0.0		0.0		0.0		0.0		0.0		0.0		0.11131022870540619		0.16406387090682983		0.05828294903039932		0.10028637945652008		0.0		0.0		0.0		5.038724422454834		
0.0		0.0		0.0		0.0		0.0		0.0		0.0		0.0		0.0		0.0		0.0		0.11131022870540619		0.16406387090682983		0.05828294903039932		0.10028637945652008		0.0		0.0		0.0		5.082883834838867		
0.0		0.0		0.0		0.0		0.0		0.0		0.0		0.0		0.0		0.0		0.0		0.11131022870540619		0.16406387090682983		0.05828294903039932		0.10028637945652008		0.0		0.0		0.0		5.128003120422363		
0.0		0.0		0.0		0.0		0.0		0.0		0.0		0.0		0.0		0.0		0.0		0.11131022870540619		0.16406387090682983		0.05828294903039932		0.10028637945652008		0.0		0.0		0.0		5.173351764678955		
0.0		0.0		0.0		0.0		0.0		0.0		0.0		0.0		0.0		0.0		0.0		0.11131022870540619		0.16406387090682983		0.05828294903039932		0.10028637945652008		0.0		0.0		0.0		5.218696594238281		
0.0		0.0		0.0		0.0		0.0		0.0		0.0		0.0		0.0		0.0		0.0		0.11131022870540619		0.16406387090682983		0.05828294903039932		0.10028637945652008		0.0		0.0		0.0		5.26509952545166		
0.0		0.0		0.0		0.0		0.0		0.0		0.0		0.0		0.0		0.0		0.0		0.11131022870540619		0.16406387090682983		0.05828294903039932		0.10028637945652008		0.0		0.0		0.0		5.311733722686768		
0.0		0.0		0.0		0.0		0.0		0.0		0.0		0.0		0.0		0.0		0.0		0.11131022870540619		0.16406387090682983		0.05828294903039932		0.10028637945652008		0.0		0.0		0.0		5.358887195587158		
0.0		0.0		0.0		0.0		0.0		0.0		0.0		0.0		0.0		0.0		0.0		0.11131022870540619		0.16406387090682983		0.05828294903039932		0.10028637945652008		0.0		0.0		0.0		5.407166004180908		
0.0		0.0		0.0		0.0		0.0		0.0		0.0		0.0		0.0		0.0		0.0		0.11131022870540619		0.16406387090682983		0.05828294903039932		0.10028637945652008		0.0		0.0		0.0		5.455350875854492		
0.0		0.0		0.0		0.0		0.0		0.0		0.0		0.0		0.0		0.0		0.0		0.11131022870540619		0.16406387090682983		0.05828294903039932		0.10028637945652008		0.0		0.0		0.0		5.501070499420166		
0.0		0.0		0.0		0.0		0.0		0.0		0.0		0.0		0.0		0.0		0.0		0.11131022870540619		0.16406387090682983		0.05828294903039932		0.10028637945652008		0.0		0.0		0.0		5.551044940948486		
0.0		0.0		0.0		0.0		0.0		0.0		0.0		0.0		0.0		0.0		0.0		0.11131022870540619		0.16406387090682983		0.05828294903039932		0.10028637945652008		0.0		0.0		0.0		5.601783752441406		
0.0		0.0		0.0		0.0		0.0		0.0		0.0		0.0		0.0		0.0		0.0		0.11131022870540619		0.16406387090682983		0.05828294903039932		0.10028637945652008		0.0		0.0		0.0		5.653326034545898		
0.0		0.0		0.0		0.0		0.0		0.0		0.0		0.0		0.0		0.0		0.0		0.11131022870540619		0.16406387090682983		0.05828294903039932		0.10028637945652008		0.0		0.0		0.0		5.705711364746094		
0.0		0.0		0.0		0.0		0.0		0.0		0.0		0.0		0.0		0.0		0.0		0.11131022870540619		0.16406387090682983		0.05828294903039932		0.10028637945652008		0.0		0.0		0.0		5.758980751037598		
0.0		0.0		0.0		0.0		0.0		0.0		0.0		0.0		0.0		0.0		0.0		0.11131022870540619		0.16406387090682983		0.05828294903039932		0.10028637945652008		0.0		0.0		0.0		5.813178062438965		
0.0		0.0		0.0		0.0		0.0		0.0		0.0		0.0		0.0		0.0		0.0		0.11131022870540619		0.16406387090682983		0.05828294903039932		0.10028637945652008		0.0		0.0		0.0		5.868348598480225		
0.0		0.0		0.0		0.0		0.0		0.0		0.0		0.0		0.0		0.0		0.0		0.11131022870540619		0.16406387090682983		0.05828294903039932		0.10028637945652008		0.0		0.0		0.0		5.924539089202881		
0.0		0.0		0.0		0.0		0.0		0.0		0.0		0.0		0.0		0.0		0.0		0.11131022870540619		0.16406387090682983		0.05828294903039932		0.10028637945652008		0.0		0.0		0.0		5.981799125671387		
0.0		0.0		0.0		0.0		0.0		0.0		0.0		0.0		0.0		0.0		0.0		0.11131022870540619		0.16406387090682983		0.05828294903039932		0.10028637945652008		0.0		0.0		0.0		6.0401811599731445		
0.0		0.0		0.0		0.0		0.0		0.0		0.0		0.0		0.0		0.0		0.0		0.11131022870540619		0.16406387090682983		0.05828294903039932		0.10028637945652008		0.0		0.0		0.0		6.099738597869873		
0.0		0.0		0.0		0.0		0.0		0.0		0.0		0.0		0.0		0.0		0.0		0.11110719293355942		0.16368816792964935		0.058253463357686996		0.10011941939592361		0.0		0.0		0.0		6.155229568481445		
0.0		0.0		0.0		0.0		0.0		0.0		0.0		0.0		0.0		0.0		0.0		0.10515744239091873		0.15267892181873322		0.05738947167992592		0.09522695094347		0.0		0.0		0.0		6.062014579772949		
0.0		0.0		0.0		0.0		0.0		0.0		0.0		0.0		0.0		0.0		0.0		0.10515744239091873		0.15267892181873322		0.05738947167992592		0.09522695094347		0.0		0.0		0.0		5.914625644683838		
0.0		0.0		0.0		0.0		0.0		0.0		0.0		0.0		0.0		0.0		0.0		0.10515744239091873		0.15267892181873322		0.05738947167992592		0.09522695094347		0.0		0.0		0.0		5.766399383544922		
0.0		0.0		0.0		0.0		0.0		0.0		0.0		0.0		0.0		0.0		0.0		0.10515744239091873		0.15267892181873322		0.05738947167992592		0.09522695094347		0.0		0.0		0.0		5.626501560211182		
0.0		0.0		0.0		0.0		0.0		0.0		0.0		0.0		0.0		0.0		0.0		0.10515744239091873		0.15267892181873322		0.05738947167992592		0.09522695094347		0.0		0.0		0.0		5.492944717407227		
0.0		0.0		0.0		0.0		0.0		0.0		0.0		0.0		0.0		0.0		0.0		0.10515744239091873		0.15267892181873322		0.05738947167992592		0.09522695094347		0.0		0.0		0.0		5.363379001617432		
0.0		0.0		0.0		0.0		0.0		0.0		0.0		0.0		0.0		0.0		0.0		0.10515744239091873		0.15267892181873322		0.05738947167992592		0.09522695094347		0.0		0.0		0.0		5.241349220275879		
0.0		0.0		0.0		0.0		0.0		0.0		0.0		0.0		0.0		0.0		0.0		0.10515744239091873		0.15267892181873322		0.05738947167992592		0.09522695094347		0.0		0.0		0.0		5.123867988586426		
0.0		0.0		0.0		0.0		0.0		0.0		0.0		0.0		0.0		0.0		0.0		0.10515744239091873		0.15267892181873322		0.05738947167992592		0.09522695094347		0.0		0.0		0.0		5.0107927322387695		
0.0		0.0		0.0		0.0		0.0		0.0		0.0		0.0		0.0		0.0		0.0		0.10515744239091873		0.15267892181873322		0.05738947167992592		0.09522695094347		0.0		0.0		0.0		4.909982681274414		
0.0		0.0		0.0		0.0		0.0		0.0		0.0		0.0		0.0		0.0		0.0		0.10515744239091873		0.15267892181873322		0.05738947167992592		0.09522695094347		0.0		0.0		0.0		4.8060173988342285		
0.0		0.0		0.0		0.0		0.0		0.0		0.0		0.0		0.0		0.0		0.0		0.10515744239091873		0.15267892181873322		0.05738947167992592		0.09522695094347		0.0		0.0		0.0		4.706262588500977		
0.0		0.0		0.0		0.0		0.0		0.0		0.0		0.0		0.0		0.0		0.0		0.10515744239091873		0.15267892181873322		0.05738947167992592		0.09522695094347		0.0		0.0		0.0		4.610501766204834		
0.0		0.0		0.0		0.0		0.0		0.0		0.0		0.0		0.0		0.0		0.0		0.10515744239091873		0.15267892181873322		0.05738947167992592		0.09522695094347		0.0		0.0		0.0		4.518532752990723		
0.0		0.0		0.0		0.0		0.0		0.0		0.0		0.0		0.0		0.0		0.0		0.10515744239091873		0.15267892181873322		0.05738947167992592		0.09522695094347		0.0		0.0		0.0		4.430165767669678		
0.0		0.0		0.0		0.0		0.0		0.0		0.0		0.0		0.0		0.0		0.0		0.10515744239091873		0.15267892181873322		0.05738947167992592		0.09522695094347		0.0		0.0		0.0		4.345221519470215		
0.0		0.0		0.0		0.0		0.0		0.0		0.0		0.0		0.0		0.0		0.0		0.10515744239091873		0.15267892181873322		0.05738947167992592		0.09522695094347		0.0		0.0		0.0		4.263533592224121		
0.0		0.0		0.0		0.0		0.0		0.0		0.0		0.0		0.0		0.0		0.0		0.10515744239091873		0.15267892181873322		0.05738947167992592		0.09522695094347		0.0		0.0		0.0		4.184943675994873		
0.0		0.0		0.0		0.0		0.0		0.0		0.0		0.0		0.0		0.0		0.0		0.10515744239091873		0.15267892181873322		0.05738947167992592		0.09522695094347		0.0		0.0		0.0		4.109303951263428		
0.0		0.0		0.0		0.0		0.0		0.0		0.0		0.0		0.0		0.0		0.0		0.10515744239091873		0.15267892181873322		0.05738947167992592		0.09522695094347		0.0		0.0		0.0		4.036474704742432		
0.0		0.0		0.0		0.0		0.0		0.0		0.0		0.0		0.0		0.0		0.0		0.10515744239091873		0.15267892181873322		0.05738947167992592		0.09522695094347		0.0		0.0		0.0		3.966325283050537		
0.0		0.0		0.0		0.0		0.0		0.0		0.0		0.0		0.0		0.0		0.0		0.10515744239091873		0.15267892181873322		0.05738947167992592		0.09522695094347		0.0		0.0		0.0		3.8987314701080322		
0.0		0.0		0.0		0.0		0.0		0.0		0.0		0.0		0.0		0.0		0.0		0.10515744239091873		0.15267892181873322		0.05738947167992592		0.09522695094347		0.0		0.0		0.0		3.8335766792297363		
0.0		0.0		0.0		0.0		0.0		0.0		0.0		0.0		0.0		0.0		0.0		0.10515744239091873		0.15267892181873322		0.05738947167992592		0.09522695094347		0.0		0.0		0.0		3.7707505226135254		
0.0		0.0		0.0		0.0		0.0		0.0		0.0		0.0		0.0		0.0		0.0		0.10515744239091873		0.15267892181873322		0.05738947167992592		0.09522695094347		0.0		0.0		0.0		3.7101492881774902		
0.0		0.0		0.0		0.0		0.0		0.0		0.0		0.0		0.0		0.0		0.0		0.10515744239091873		0.15267892181873322		0.05738947167992592		0.09522695094347		0.0		0.0		0.0		3.651674509048462		
0.0		0.0		0.0		0.0		0.0		0.0		0.0		0.0		0.0		0.0		0.0		0.10515744239091873		0.15267892181873322		0.05738947167992592		0.09522695094347		0.0		0.0		0.0		3.59523344039917		
0.0		0.0		0.0		0.0		0.0		0.0		0.0		0.0		0.0		0.0		0.0		0.10515744239091873		0.15267892181873322		0.05738947167992592		0.09522695094347		0.0		0.0		0.0		3.540738105773926		
0.0		0.0		0.0		0.0		0.0		0.0		0.0		0.0		0.0		0.0		0.0		0.10515744239091873		0.15267892181873322		0.05738947167992592		0.09522695094347		0.0		0.0		0.0		3.488105297088623		
0.0		0.0		0.0		0.0		0.0		0.0		0.0		0.0		0.0		0.0		0.0		0.10515744239091873		0.15267892181873322		0.05738947167992592		0.09522695094347		0.0		0.0		0.0		3.43721079826355		
0.0		0.0		0.0		0.0		0.0		0.0		0.0		0.0		0.0		0.0		0.0		0.10515744239091873		0.15267892181873322		0.05738947167992592		0.09522695094347		0.0		0.0		0.0		3.3849000930786133		
0.0		0.0		0.0		0.0		0.0		0.0		0.0		0.0		0.0		0.0		0.0		0.10515744239091873		0.15267892181873322		0.05738947167992592		0.09522695094347		0.0		0.0		0.0		3.3374433517456055		
0.0		0.0		0.0		0.0		0.0		0.0		0.0		0.0		0.0		0.0		0.0		0.10515744239091873		0.15267892181873322		0.05738947167992592		0.09522695094347		0.0		0.0		0.0		3.2917234897613525		
0.0		0.0		0.0		0.0		0.0		0.0		0.0		0.0		0.0		0.0		0.0		0.10515744239091873		0.15267892181873322		0.05738947167992592		0.09522695094347		0.0		0.0		0.0		3.2473814487457275		
0.0		0.0		0.0		0.0		0.0		0.0		0.0		0.0		0.0		0.0		0.0		0.10515744239091873		0.15267892181873322		0.05738947167992592		0.09522695094347		0.0		0.0		0.0		3.204348087310791		
0.0		0.0		0.0		0.0		0.0		0.0		0.0		0.0		0.0		0.0		0.0		0.10515744239091873		0.15267892181873322		0.05738947167992592		0.09522695094347		0.0		0.0		0.0		3.1630022525787354		
0.0		0.0		0.0		0.0		0.0		0.0		0.0		0.0		0.0		0.0		0.0		0.10515744239091873		0.15267892181873322		0.05738947167992592		0.09522695094347		0.0		0.0		0.0		3.124988079071045		
0.0		0.0		0.0		0.0		0.0		0.0		0.0		0.0		0.0		0.0		0.0		0.10515744239091873		0.15267892181873322		0.05738947167992592		0.09522695094347		0.0		0.0		0.0		3.086040496826172		
0.0		0.0		0.0		0.0		0.0		0.0		0.0		0.0		0.0		0.0		0.0		0.10515744239091873		0.15267892181873322		0.05738947167992592		0.09522695094347		0.0		0.0		0.0		3.0483274459838867		
0.0		0.0		0.0		0.0		0.0		0.0		0.0		0.0		0.0		0.0		0.0		0.10515744239091873		0.15267892181873322		0.05738947167992592		0.09522695094347		0.0		0.0		0.0		3.0118024349212646		
0.0		0.0		0.0		0.0		0.0		0.0		0.0		0.0		0.0		0.0		0.0		0.10515744239091873		0.15267892181873322		0.05738947167992592		0.09522695094347		0.0		0.0		0.0		2.9764208793640137		
0.0		0.0		0.0		0.0		0.0		0.0		0.0		0.0		0.0		0.0		0.0		0.10515744239091873		0.15267892181873322		0.05738947167992592		0.09522695094347		0.0		0.0		0.0		2.9421403408050537		
0.0		0.0		0.0		0.0		0.0		0.0		0.0		0.0		0.0		0.0		0.0		0.10515744239091873		0.15267892181873322		0.05738947167992592		0.09522695094347		0.0		0.0		0.0		2.908921241760254		
0.0		0.0		0.0		0.0		0.0		0.0		0.0		0.0		0.0		0.0		0.0		0.10515744239091873		0.15267892181873322		0.05738947167992592		0.09522695094347		0.0		0.0		0.0		2.8767247200012207		
0.0		0.0		0.0		0.0		0.0		0.0		0.0		0.0		0.0		0.0		0.0		0.10515744239091873		0.15267892181873322		0.05738947167992592		0.09522695094347		0.0		0.0		0.0		2.8455147743225098		
0.0		0.0		0.0		0.0		0.0		0.0		0.0		0.0		0.0		0.0		0.0		0.10515744239091873		0.15267892181873322		0.05738947167992592		0.09522695094347		0.0		0.0		0.0		2.8152565956115723		
0.0		0.0		0.0		0.0		0.0		0.0		0.0		0.0		0.0		0.0		0.0		0.10515744239091873		0.15267892181873322		0.05738947167992592		0.09522695094347		0.0		0.0		0.0		2.785917282104492		
0.0		0.0		0.0		0.0		0.0		0.0		0.0		0.0		0.0		0.0		0.0		0.10515744239091873		0.15267892181873322		0.05738947167992592		0.09522695094347		0.0		0.0		0.0		2.7574658393859863		
0.0		0.0		0.0		0.0		0.0		0.0		0.0		0.0		0.0		0.0		0.0		0.10515744239091873		0.15267892181873322		0.05738947167992592		0.09522695094347		0.0		0.0		0.0		2.729872226715088		
0.0		0.0		0.0		0.0		0.0		0.0		0.0		0.0		0.0		0.0		0.0		0.10515744239091873		0.15267892181873322		0.05738947167992592		0.09522695094347		0.0		0.0		0.0		2.703108310699463		
0.0		0.0		0.0		0.0		0.0		0.0		0.0		0.0		0.0		0.0		0.0		0.10515744239091873		0.15267892181873322		0.05738947167992592		0.09522695094347		0.0		0.0		0.0		2.677147388458252		
0.0		0.0		0.0		0.0		0.0		0.0		0.0		0.0		0.0		0.0		0.0		0.10515744239091873		0.15267892181873322		0.05738947167992592		0.09522695094347		0.0		0.0		0.0		2.651963949203491		
0.0		0.0		0.0		0.0		0.0		0.0		0.0		0.0		0.0		0.0		0.0		0.10515744239091873		0.15267892181873322		0.05738947167992592		0.09522695094347		0.0		0.0		0.0		2.6275346279144287		
0.0		0.0		0.0		0.0		0.0		0.0		0.0		0.0		0.0		0.0		0.0		0.10515744239091873		0.15267892181873322		0.05738947167992592		0.09522695094347		0.0		0.0		0.0		2.60383677482605		
0.0		0.0		0.0		0.0		0.0		0.0		0.0		0.0		0.0		0.0		0.0		0.10515744239091873		0.15267892181873322		0.05738947167992592		0.09522695094347		0.0		0.0		0.0		2.5808498859405518		
0.0		0.0		0.0		0.0		0.0		0.0		0.0		0.0		0.0		0.0		0.0		0.10515744239091873		0.15267892181873322		0.05738947167992592		0.09522695094347		0.0		0.0		0.0		2.5585548877716064		
0.0		0.0		0.0		0.0		0.0		0.0		0.0		0.0		0.0		0.0		0.0		0.10515744239091873		0.15267892181873322		0.05738947167992592		0.09522695094347		0.0		0.0		0.0		2.5369348526000977		
0.0		0.0		0.0		0.0		0.0		0.0		0.0		0.0		0.0		0.0		0.0		0.10515744239091873		0.15267892181873322		0.05738947167992592		0.09522695094347		0.0		0.0		0.0		2.5159761905670166		
0.0		0.0		0.0		0.0		0.0		0.0		0.0		0.0		0.0		0.0		0.0		0.10515744239091873		0.15267892181873322		0.05738947167992592		0.09522695094347		0.0		0.0		0.0		2.495669364929199		
